p,v,cp,rcp,a,ba,sa,hl,pcp,t
6750.0,5000,-10.0,0.0,,221600.0,140800.0,False,10.0,14:45:03
6740.0,500,-20.0,0.0,SD,221600.0,140800.0,False,0.0,14:29:16
6740.0,1300,-20.0,0.0,SD,221600.0,140300.0,False,0.0,14:29:05
6740.0,2000,-20.0,0.0,SD,221600.0,139000.0,False,0.0,14:29:05
6740.0,4600,-20.0,0.0,SD,221600.0,137000.0,False,30.0,14:29:05
6710.0,1000,-50.0,0.0,BU,221600.0,132400.0,False,0.0,14:26:55
6710.0,600,-50.0,0.0,BU,220600.0,132400.0,False,0.0,14:26:55
6710.0,400,-50.0,0.0,BU,220000.0,132400.0,False,0.0,14:19:48
6710.0,5000,-50.0,0.0,SD,219600.0,132400.0,False,0.0,14:19:35
6710.0,2100,-50.0,0.0,BU,219600.0,127400.0,False,0.0,14:18:16
6710.0,16900,-50.0,0.0,BU,217500.0,127400.0,False,10.0,14:16:02
6700.0,5000,-60.0,0.0,BU,200600.0,127400.0,False,0.0,14:16:02
6700.0,100,-60.0,0.0,BU,195600.0,127400.0,False,100.0,14:16:02
6600.0,2000,-160.0,0.0,BU,195500.0,127400.0,False,0.0,14:14:41
6600.0,5000,-160.0,0.0,BU,193500.0,127400.0,False,0.0,14:14:04
6600.0,900,-160.0,0.0,BU,188500.0,127400.0,False,0.0,14:14:04
6600.0,400,-160.0,0.0,BU,187600.0,127400.0,False,0.0,14:14:04
6600.0,3000,-160.0,0.0,BU,187200.0,127400.0,False,0.0,14:14:04
6600.0,3700,-160.0,0.0,BU,184200.0,127400.0,False,0.0,14:14:04
6600.0,1300,-160.0,0.0,SD,180500.0,127400.0,False,0.0,14:07:51
6600.0,8700,-160.0,0.0,SD,180500.0,126100.0,False,-100.0,14:07:51
6700.0,20000,-60.0,0.0,BU,180500.0,117400.0,False,0.0,14:07:48
6700.0,10900,-60.0,0.0,BU,160500.0,117400.0,False,0.0,14:07:20
6700.0,1100,-60.0,0.0,BU,149600.0,117400.0,False,100.0,14:07:20
6600.0,11300,-160.0,0.0,BU,148500.0,117400.0,False,0.0,14:06:25
6600.0,500,-160.0,0.0,SD,137200.0,117400.0,False,0.0,14:05:55
6600.0,100,-160.0,0.0,SD,137200.0,116900.0,False,0.0,14:05:55
6600.0,7100,-160.0,0.0,SD,137200.0,116800.0,False,-10.0,14:05:55
6610.0,500,-150.0,0.0,SD,137200.0,109700.0,False,-10.0,14:05:55
6620.0,500,-140.0,0.0,SD,137200.0,109200.0,False,10.0,14:05:55
6610.0,100,-150.0,0.0,SD,137200.0,108700.0,False,10.0,14:05:55
6600.0,600,-160.0,0.0,SD,137200.0,108600.0,False,-10.0,14:04:50
6610.0,100,-150.0,0.0,SD,137200.0,108000.0,False,-90.0,14:03:22
6700.0,900,-60.0,0.0,BU,137200.0,107900.0,False,-40.0,14:02:27
6740.0,400,-20.0,0.0,BU,136300.0,107900.0,False,10.0,13:59:54
6730.0,4600,-30.0,0.0,BU,135900.0,107900.0,False,0.0,13:59:54
6730.0,18400,-30.0,0.0,BU,131300.0,107900.0,False,0.0,13:59:01
6730.0,2000,-30.0,0.0,BU,112900.0,107900.0,False,0.0,13:59:01
6730.0,900,-30.0,0.0,BU,110900.0,107900.0,False,0.0,13:59:01
6730.0,800,-30.0,0.0,BU,110000.0,107900.0,False,30.0,13:59:01
6700.0,700,-60.0,0.0,BU,109200.0,107900.0,False,100.0,13:59:01
6600.0,2300,-160.0,0.0,SD,108500.0,107900.0,False,0.0,13:58:29
6600.0,1000,-160.0,0.0,SD,108500.0,105600.0,False,0.0,13:57:43
6600.0,1000,-160.0,0.0,SD,108500.0,104600.0,False,0.0,13:57:43
6600.0,100,-160.0,0.0,SD,108500.0,103600.0,False,0.0,13:57:43
6600.0,5000,-160.0,0.0,SD,108500.0,103500.0,False,0.0,13:57:43
6600.0,200,-160.0,0.0,SD,108500.0,98500.0,False,0.0,13:57:43
6600.0,500,-160.0,0.0,SD,108500.0,98300.0,False,0.0,13:57:43
6600.0,3000,-160.0,0.0,SD,108500.0,97800.0,False,0.0,13:57:43
6600.0,5000,-160.0,0.0,SD,108500.0,94800.0,False,0.0,13:57:43
6600.0,3700,-160.0,0.0,SD,108500.0,89800.0,False,-10.0,13:57:43
6610.0,3000,-150.0,0.0,SD,108500.0,86100.0,False,0.0,13:57:43
6610.0,400,-150.0,0.0,SD,108500.0,83100.0,False,0.0,13:57:43
6610.0,500,-150.0,0.0,SD,108500.0,82700.0,False,0.0,13:57:43
6610.0,100,-150.0,0.0,SD,108500.0,82200.0,False,0.0,13:57:43
6610.0,700,-150.0,0.0,SD,108500.0,82100.0,False,-10.0,13:57:43
6620.0,500,-140.0,0.0,SD,108500.0,81400.0,False,0.0,13:57:43
6620.0,3000,-140.0,0.0,SD,108500.0,80900.0,False,-80.0,13:57:43
6700.0,300,-60.0,0.0,BU,108500.0,77900.0,False,0.0,13:56:15
6700.0,700,-60.0,0.0,BU,108200.0,77900.0,False,0.0,13:55:32
6700.0,200,-60.0,0.0,BU,107500.0,77900.0,False,0.0,13:55:14
6700.0,100,-60.0,0.0,BU,107300.0,77900.0,False,0.0,13:55:00
6700.0,2600,-60.0,0.0,BU,107200.0,77900.0,False,-30.0,13:47:29
6730.0,32000,-30.0,0.0,BU,104600.0,77900.0,True,0.0,13:45:30
6730.0,28200,-30.0,0.0,BU,72600.0,77900.0,False,10.0,13:45:00
6720.0,1800,-40.0,0.0,BU,44400.0,77900.0,False,20.0,13:45:00
6700.0,100,-60.0,0.0,BU,42600.0,77900.0,False,50.0,13:44:32
6650.0,3300,-110.0,0.0,BU,42500.0,77900.0,False,40.0,13:44:32
6610.0,300,-150.0,0.0,SD,39200.0,77900.0,False,-40.0,13:36:19
6650.0,100,-110.0,0.0,BU,39200.0,77600.0,False,10.0,13:35:04
6640.0,100,-120.0,0.0,BU,39100.0,77600.0,False,10.0,13:34:34
6630.0,100,-130.0,0.0,BU,39000.0,77600.0,False,20.0,13:34:17
6610.0,2000,-150.0,0.0,SD,38900.0,77600.0,False,0.0,13:29:06
6610.0,2000,-150.0,0.0,SD,38900.0,75600.0,False,-40.0,13:28:57
6650.0,1100,-110.0,0.0,BU,38900.0,73600.0,False,50.0,13:28:10
6600.0,1300,-160.0,0.0,SD,37800.0,73600.0,False,0.0,13:10:31
6600.0,300,-160.0,0.0,SD,37800.0,72300.0,False,-10.0,13:10:31
6610.0,500,-150.0,0.0,SD,37800.0,72000.0,False,0.0,13:09:38
6610.0,500,-150.0,0.0,SD,37800.0,71500.0,False,0.0,13:09:38
6610.0,500,-150.0,0.0,SD,37800.0,71000.0,False,-10.0,13:09:38
6620.0,600,-140.0,0.0,SD,37800.0,70500.0,False,0.0,13:08:56
6620.0,500,-140.0,0.0,SD,37800.0,69900.0,False,0.0,13:05:34
6620.0,3900,-140.0,0.0,SD,37800.0,69400.0,False,0.0,13:00:05
6620.0,500,-140.0,0.0,SD,37800.0,65500.0,False,-30.0,13:00:05
6650.0,100,-110.0,0.0,BU,37800.0,65000.0,False,30.0,11:27:57
6620.0,5000,-140.0,0.0,SD,37700.0,65000.0,False,-30.0,11:27:55
6650.0,5200,-110.0,0.0,SD,37700.0,60000.0,False,-10.0,11:26:26
6660.0,100,-100.0,0.0,SD,37700.0,54800.0,False,-40.0,11:26:26
6700.0,100,-60.0,0.0,SD,37700.0,54700.0,False,-10.0,11:26:26
6710.0,100,-50.0,0.0,BU,37700.0,54600.0,False,10.0,11:13:42
6700.0,200,-60.0,0.0,SD,37600.0,54600.0,False,-10.0,11:02:05
6710.0,100,-50.0,0.0,BU,37600.0,54400.0,False,-10.0,11:00:58
6720.0,500,-40.0,0.0,BU,37500.0,54400.0,False,0.0,10:52:36
6720.0,4100,-40.0,0.0,BU,37000.0,54400.0,False,0.0,10:52:36
6720.0,900,-40.0,0.0,SD,32900.0,54400.0,False,0.0,10:49:35
6720.0,3100,-40.0,0.0,BU,32900.0,53500.0,False,20.0,10:46:03
6700.0,1900,-60.0,0.0,BU,29800.0,53500.0,False,0.0,10:46:03
6700.0,3100,-60.0,0.0,BU,27900.0,53500.0,False,20.0,10:43:51
6680.0,2000,-80.0,0.0,BU,24800.0,53500.0,False,10.0,10:43:51
6670.0,1000,-90.0,0.0,BU,22800.0,53500.0,False,0.0,10:43:51
6670.0,5000,-90.0,0.0,BU,21800.0,53500.0,False,0.0,10:43:51
6670.0,900,-90.0,0.0,BU,16800.0,53500.0,False,20.0,10:43:51
6650.0,100,-110.0,0.0,SD,15900.0,53500.0,False,0.0,10:43:26
6650.0,4700,-110.0,0.0,SD,15900.0,53400.0,False,40.0,10:43:26
6610.0,800,-150.0,0.0,SD,15900.0,48700.0,False,0.0,10:38:03
6610.0,200,-150.0,0.0,SD,15900.0,47900.0,False,-10.0,10:38:03
6620.0,100,-140.0,0.0,SD,15900.0,47700.0,False,-10.0,10:38:03
6630.0,300,-130.0,0.0,SD,15900.0,47600.0,False,-20.0,10:38:03
6650.0,300,-110.0,0.0,BU,15900.0,47300.0,False,0.0,10:28:58
6650.0,100,-110.0,0.0,BU,15600.0,47300.0,False,0.0,10:28:58
6650.0,4900,-110.0,0.0,BU,15500.0,47300.0,False,0.0,10:27:46
6650.0,100,-110.0,0.0,SD,10600.0,47300.0,False,0.0,10:26:36
6650.0,400,-110.0,0.0,BU,10600.0,47200.0,False,0.0,10:25:35
6650.0,100,-110.0,0.0,BU,10200.0,47200.0,False,0.0,10:22:50
6650.0,100,-110.0,0.0,BU,10100.0,47200.0,False,0.0,10:22:33
6650.0,5000,-110.0,0.0,SD,10000.0,47200.0,False,0.0,10:22:10
6650.0,300,-110.0,0.0,SD,10000.0,42200.0,False,-10.0,10:22:10
6660.0,5000,-100.0,0.0,SD,10000.0,41900.0,False,-20.0,10:22:10
6680.0,3700,-80.0,0.0,SD,10000.0,36900.0,False,20.0,10:22:10
6660.0,300,-100.0,0.0,SD,10000.0,33200.0,False,-20.0,10:22:10
6680.0,1300,-80.0,0.0,SD,10000.0,32900.0,False,0.0,10:21:29
6680.0,700,-80.0,0.0,SD,10000.0,31600.0,False,0.0,10:21:29
6680.0,300,-80.0,0.0,SD,10000.0,30900.0,False,0.0,10:21:10
6680.0,500,-80.0,0.0,SD,10000.0,30600.0,False,-20.0,10:21:10
6700.0,200,-60.0,0.0,BU,10000.0,30100.0,False,0.0,10:20:37
6700.0,200,-60.0,0.0,BU,9800.0,30100.0,False,0.0,10:20:22
6700.0,1000,-60.0,0.0,BU,9600.0,30100.0,False,0.0,10:20:22
6700.0,1000,-60.0,0.0,BU,8600.0,30100.0,False,0.0,10:20:22
6700.0,2000,-60.0,0.0,BU,7600.0,30100.0,False,0.0,10:20:22
6700.0,100,-60.0,0.0,BU,5600.0,30100.0,False,0.0,10:20:22
6700.0,3500,-60.0,0.0,BU,5500.0,30100.0,False,0.0,10:20:22
6700.0,1500,-60.0,0.0,SD,2000.0,30100.0,False,0.0,10:19:34
6700.0,300,-60.0,0.0,SD,2000.0,28600.0,False,0.0,10:19:34
6700.0,1000,-60.0,0.0,SD,2000.0,28300.0,False,0.0,10:19:34
6700.0,200,-60.0,0.0,SD,2000.0,27300.0,False,0.0,10:19:34
6700.0,1600,-60.0,0.0,SD,2000.0,27100.0,False,-20.0,10:19:34
6720.0,200,-40.0,0.0,SD,2000.0,25500.0,False,0.0,10:19:34
6720.0,1200,-40.0,0.0,SD,2000.0,25300.0,False,0.0,10:19:34
6720.0,7000,-40.0,0.0,SD,2000.0,24100.0,False,0.0,10:19:23
6720.0,1300,-40.0,0.0,SD,2000.0,17100.0,False,-10.0,10:10:30
6730.0,100,-30.0,0.0,SD,2000.0,15800.0,False,0.0,10:10:30
6730.0,600,-30.0,0.0,SD,2000.0,15700.0,False,0.0,10:10:30
6730.0,1400,-30.0,0.0,SD,2000.0,15100.0,False,0.0,10:09:06
6730.0,100,-30.0,0.0,SD,2000.0,13700.0,False,0.0,10:09:06
6730.0,5000,-30.0,0.0,SD,2000.0,13600.0,False,0.0,10:09:06
6730.0,300,-30.0,0.0,SD,2000.0,8600.0,False,-20.0,10:09:06
6750.0,1000,-10.0,0.0,SD,2000.0,8300.0,False,0.0,10:09:06
6750.0,2200,-10.0,0.0,SD,2000.0,7300.0,False,0.0,10:09:06
6750.0,700,-10.0,0.0,SD,2000.0,5100.0,False,-50.0,10:08:28
6800.0,300,40.0,0.0,BU,2000.0,4400.0,False,0.0,09:45:53
6800.0,200,40.0,0.0,BU,1700.0,4400.0,False,0.0,09:38:34
6800.0,100,40.0,0.0,BU,1500.0,4400.0,False,50.0,09:38:23
6750.0,1500,-10.0,0.0,SD,1400.0,4400.0,False,0.0,09:35:19
6750.0,600,-10.0,0.0,SD,1400.0,2900.0,False,20.0,09:34:15
6730.0,300,-30.0,0.0,BU,1400.0,2300.0,False,0.0,09:25:14
6730.0,200,-30.0,0.0,BU,1100.0,2300.0,False,10.0,09:24:56
6720.0,500,-40.0,0.0,SD,900.0,2300.0,False,-110.0,09:24:35
6830.0,500,70.0,0.0,BU,900.0,1800.0,False,80.0,09:23:40
6750.0,400,-10.0,0.0,BU,400.0,1800.0,False,50.0,09:20:51
6700.0,400,-60.0,0.0,SD,0.0,1800.0,False,0.0,09:16:25
6700.0,1000,-60.0,0.0,SD,0.0,1400.0,False,0.0,09:16:25
6700.0,300,-60.0,0.0,SD,0.0,400.0,False,-30.0,09:16:25
6730.0,100,-30.0,0.0,SD,0.0,100.0,False,0.0,09:16:25
6730.0,14900,-30.0,0.0,,0.0,0.0,False,0.0,09:15:02
