p,v,cp,rcp,a,ba,sa,hl,pcp,t
64300.0,700,-100.0,0.0,SD,47100.0,14600.0,False,0.0,14:19:06
64300.0,600,-100.0,0.0,SD,47100.0,13900.0,False,-100.0,14:14:01
64400.0,1500,0.0,0.0,BU,47100.0,13300.0,False,-100.0,14:11:42
64500.0,1000,100.0,0.0,BU,45600.0,13300.0,False,0.0,14:11:26
64500.0,1200,100.0,0.0,BU,44600.0,13300.0,False,0.0,14:10:41
64500.0,1100,100.0,0.0,BU,43400.0,13300.0,False,100.0,14:10:38
64400.0,1000,0.0,0.0,BU,42300.0,13300.0,False,0.0,14:09:12
64400.0,700,0.0,0.0,BU,41300.0,13300.0,False,100.0,14:09:08
64300.0,800,-100.0,0.0,SD,40600.0,13300.0,False,0.0,13:59:48
64300.0,600,-100.0,0.0,SD,40600.0,12500.0,False,-100.0,13:59:36
64400.0,1500,0.0,0.0,BU,40600.0,11900.0,False,0.0,13:58:54
64400.0,1500,0.0,0.0,BU,39100.0,11900.0,False,100.0,13:58:12
64300.0,600,-100.0,0.0,BU,37600.0,11900.0,False,0.0,13:56:28
64300.0,300,-100.0,0.0,SD,37000.0,11900.0,False,-100.0,13:55:18
64400.0,900,0.0,0.0,BU,37000.0,11600.0,False,0.0,13:48:41
64400.0,800,0.0,0.0,BU,36100.0,11600.0,False,0.0,13:48:38
64400.0,1000,0.0,0.0,BU,35300.0,11600.0,False,0.0,13:43:17
64400.0,600,0.0,0.0,BU,34300.0,11600.0,False,0.0,13:43:14
64400.0,100,0.0,0.0,BU,33700.0,11600.0,False,0.0,13:35:16
64400.0,900,0.0,0.0,BU,33600.0,11600.0,False,0.0,13:33:03
64400.0,800,0.0,0.0,BU,32700.0,11600.0,False,0.0,13:33:00
64400.0,1500,0.0,0.0,BU,31900.0,11600.0,False,100.0,13:30:49
64300.0,700,-100.0,0.0,SD,30400.0,11600.0,False,0.0,13:30:31
64300.0,700,-100.0,0.0,BU,30400.0,10900.0,False,0.0,13:30:28
64300.0,200,-100.0,0.0,BU,29700.0,10900.0,False,-100.0,13:30:15
64400.0,800,0.0,0.0,BU,29500.0,10900.0,False,0.0,13:23:35
64400.0,700,0.0,0.0,BU,28700.0,10900.0,False,0.0,13:23:27
64400.0,1100,0.0,0.0,BU,28000.0,10900.0,False,0.0,13:10:56
64400.0,1000,0.0,0.0,BU,26900.0,10900.0,False,100.0,13:09:24
64300.0,800,-100.0,0.0,SD,25900.0,10900.0,False,0.0,13:08:45
64300.0,800,-100.0,0.0,BU,25900.0,10100.0,False,0.0,13:08:31
64300.0,200,-100.0,0.0,BU,25100.0,10100.0,False,-100.0,13:08:08
64400.0,1000,0.0,0.0,BU,24900.0,10100.0,False,0.0,13:04:59
64400.0,1500,0.0,0.0,BU,23900.0,10100.0,False,100.0,13:04:39
64300.0,300,-100.0,0.0,SD,22400.0,10100.0,False,100.0,11:13:22
64200.0,500,-200.0,0.0,SD,22400.0,9800.0,False,-100.0,11:07:51
64300.0,1400,-100.0,0.0,SD,22400.0,9300.0,False,-100.0,11:06:58
64400.0,200,0.0,0.0,SD,22400.0,7900.0,False,-100.0,11:05:44
64500.0,1600,100.0,0.0,BU,22400.0,7700.0,False,-100.0,11:05:24
64600.0,800,200.0,0.0,BU,20800.0,7700.0,False,-100.0,11:04:54
64700.0,1000,300.0,0.0,BU,20000.0,7700.0,False,-100.0,11:04:23
64800.0,900,400.0,0.0,BU,19000.0,7700.0,False,0.0,10:59:07
64800.0,800,400.0,0.0,BU,18100.0,7700.0,False,0.0,10:58:55
64800.0,1500,400.0,0.0,BU,17300.0,7700.0,False,-100.0,10:58:12
64900.0,100,500.0,0.0,BU,15800.0,7700.0,False,100.0,10:54:09
64800.0,400,400.0,0.0,BU,15700.0,7700.0,False,0.0,10:48:06
64800.0,300,400.0,0.0,BU,15300.0,7700.0,False,100.0,10:47:40
64700.0,100,300.0,0.0,BU,15000.0,7700.0,False,0.0,10:47:26
64700.0,100,300.0,0.0,BU,14900.0,7700.0,False,100.0,10:46:58
64600.0,100,200.0,0.0,SD,14800.0,7700.0,False,100.0,10:45:56
64500.0,200,100.0,0.0,BU,14800.0,7600.0,False,0.0,10:44:26
64500.0,1000,100.0,0.0,BU,14600.0,7600.0,False,0.0,10:33:30
64500.0,900,100.0,0.0,BU,13600.0,7600.0,False,0.0,10:33:19
64500.0,1500,100.0,0.0,BU,12700.0,7600.0,False,0.0,10:12:18
64500.0,1100,100.0,0.0,BU,11200.0,7600.0,False,0.0,10:12:08
64500.0,900,100.0,0.0,BU,10100.0,7600.0,False,0.0,10:05:48
64500.0,800,100.0,0.0,BU,9200.0,7600.0,False,-100.0,10:05:39
64600.0,600,200.0,0.0,BU,8400.0,7600.0,False,100.0,09:47:16
64500.0,1200,100.0,0.0,BU,7800.0,7600.0,False,0.0,09:38:58
64500.0,1100,100.0,0.0,BU,6600.0,7600.0,False,100.0,09:38:47
64400.0,1500,0.0,0.0,BU,5500.0,7600.0,False,100.0,09:32:15
64300.0,200,-100.0,0.0,BU,4000.0,7600.0,False,0.0,09:29:23
64300.0,900,-100.0,0.0,BU,3800.0,7600.0,False,0.0,09:26:28
64300.0,800,-100.0,0.0,BU,2900.0,7600.0,False,100.0,09:26:16
64200.0,300,-200.0,0.0,SD,2100.0,7600.0,False,0.0,09:20:08
64200.0,1000,-200.0,0.0,BU,2100.0,7300.0,False,0.0,09:19:23
64200.0,200,-200.0,0.0,BU,1100.0,7300.0,False,0.0,09:19:06
64200.0,800,-200.0,0.0,SD,900.0,7300.0,False,0.0,09:18:21
64200.0,800,-200.0,0.0,BU,900.0,6500.0,False,100.0,09:18:12
64100.0,1500,-300.0,0.0,SD,100.0,6500.0,False,0.0,09:16:37
64100.0,1000,-300.0,0.0,SD,100.0,5000.0,False,100.0,09:16:25
64000.0,600,-400.0,0.0,SD,100.0,4000.0,False,0.0,09:13:57
64000.0,1300,-400.0,0.0,SD,100.0,3400.0,False,100.0,09:13:46
63900.0,900,-500.0,0.0,SD,100.0,2100.0,False,0.0,09:12:55
63900.0,1200,-500.0,0.0,SD,100.0,1200.0,False,100.0,09:12:34
63800.0,100,-600.0,0.0,BU,100.0,0.0,False,0.0,09:01:57
