p,v,cp,rcp,a,ba,sa,hl,pcp,t
5910.0,200,-130.0,0.0,SD,56800.0,191800.0,False,10.0,11:06:23
5900.0,100,-140.0,0.0,SD,56800.0,191600.0,False,0.0,11:06:13
5900.0,500,-140.0,0.0,SD,56800.0,191500.0,False,0.0,11:06:13
5900.0,300,-140.0,0.0,SD,56800.0,191000.0,False,0.0,11:06:13
5900.0,1300,-140.0,0.0,SD,56800.0,190700.0,False,0.0,11:06:13
5900.0,700,-140.0,0.0,SD,56800.0,189400.0,False,0.0,11:03:44
5900.0,500,-140.0,0.0,SD,56800.0,188700.0,False,0.0,11:03:44
5900.0,200,-140.0,0.0,SD,56800.0,188200.0,False,0.0,11:03:44
5900.0,12900,-140.0,0.0,SD,56800.0,188000.0,False,0.0,11:03:22
5900.0,100,-140.0,0.0,SD,56800.0,175100.0,False,0.0,11:03:21
5900.0,10000,-140.0,0.0,SD,56800.0,175000.0,False,0.0,11:03:21
5900.0,1000,-140.0,0.0,SD,56800.0,165000.0,False,0.0,11:03:21
5900.0,1000,-140.0,0.0,SD,56800.0,164000.0,False,-10.0,11:03:21
5910.0,200,-130.0,0.0,SD,56800.0,163000.0,False,0.0,11:03:21
5910.0,100,-130.0,0.0,SD,56800.0,162800.0,False,0.0,11:03:21
5910.0,1800,-130.0,0.0,SD,56800.0,162700.0,False,-10.0,11:03:21
5920.0,100,-120.0,0.0,SD,56800.0,160900.0,False,0.0,11:03:21
5920.0,200,-120.0,0.0,SD,56800.0,160800.0,False,0.0,11:03:21
5920.0,1000,-120.0,0.0,SD,56800.0,160600.0,False,0.0,11:03:21
5920.0,500,-120.0,0.0,SD,56800.0,159600.0,False,0.0,11:03:21
5920.0,300,-120.0,0.0,SD,56800.0,159100.0,False,-20.0,11:03:21
5940.0,100,-100.0,0.0,SD,56800.0,158800.0,False,0.0,11:03:11
5940.0,100,-100.0,0.0,SD,56800.0,158700.0,False,0.0,11:03:11
5940.0,600,-100.0,0.0,SD,56800.0,158600.0,False,0.0,11:03:11
5940.0,1400,-100.0,0.0,SD,56800.0,158000.0,False,0.0,11:02:44
5940.0,500,-100.0,0.0,SD,56800.0,156600.0,False,0.0,11:02:44
5940.0,200,-100.0,0.0,SD,56800.0,156100.0,False,0.0,11:02:44
5940.0,1200,-100.0,0.0,SD,56800.0,155900.0,False,0.0,11:02:44
5940.0,200,-100.0,0.0,SD,56800.0,154700.0,False,0.0,11:02:44
5940.0,2000,-100.0,0.0,SD,56800.0,154500.0,False,0.0,11:02:44
5940.0,200,-100.0,0.0,SD,56800.0,152500.0,False,0.0,11:02:44
5940.0,100,-100.0,0.0,SD,56800.0,152300.0,False,-10.0,11:02:44
5950.0,100,-90.0,0.0,BU,56800.0,152200.0,False,0.0,11:01:40
5950.0,600,-90.0,0.0,BU,56700.0,152200.0,False,0.0,11:00:41
5950.0,2500,-90.0,0.0,BU,56100.0,152200.0,False,0.0,11:00:41
5950.0,100,-90.0,0.0,BU,53600.0,152200.0,False,-10.0,11:00:41
5960.0,1200,-80.0,0.0,SD,53500.0,152200.0,False,-10.0,11:00:04
5970.0,100,-70.0,0.0,BU,53500.0,151000.0,False,-10.0,10:58:55
5980.0,4900,-60.0,0.0,BU,53400.0,151000.0,False,10.0,10:52:38
5970.0,1000,-70.0,0.0,BU,48500.0,151000.0,False,20.0,10:50:05
5950.0,200,-90.0,0.0,BU,47500.0,151000.0,False,0.0,10:49:45
5950.0,700,-90.0,0.0,BU,47300.0,151000.0,False,0.0,10:49:05
5950.0,300,-90.0,0.0,SD,46600.0,151000.0,False,10.0,10:47:09
5940.0,100,-100.0,0.0,SD,46600.0,150700.0,False,0.0,10:41:16
5940.0,500,-100.0,0.0,BU,46600.0,150600.0,False,0.0,10:40:46
5940.0,300,-100.0,0.0,BU,46100.0,150600.0,False,0.0,10:38:37
5940.0,100,-100.0,0.0,SD,45800.0,150600.0,False,40.0,10:38:19
5900.0,1000,-140.0,0.0,SD,45800.0,150500.0,False,0.0,10:38:09
5900.0,200,-140.0,0.0,SD,45800.0,149500.0,False,0.0,10:38:09
5900.0,500,-140.0,0.0,SD,45800.0,149300.0,False,0.0,10:38:09
5900.0,100,-140.0,0.0,SD,45800.0,148800.0,False,0.0,10:38:09
5900.0,100,-140.0,0.0,SD,45800.0,148700.0,False,0.0,10:38:09
5900.0,500,-140.0,0.0,SD,45800.0,148600.0,False,0.0,10:38:09
5900.0,1000,-140.0,0.0,SD,45800.0,148100.0,False,0.0,10:38:09
5900.0,500,-140.0,0.0,SD,45800.0,147100.0,False,-10.0,10:38:09
5910.0,500,-130.0,0.0,SD,45800.0,146600.0,False,-10.0,10:38:09
5920.0,100,-120.0,0.0,SD,45800.0,146100.0,False,-10.0,10:38:09
5930.0,900,-110.0,0.0,SD,45800.0,146000.0,False,0.0,10:38:09
5930.0,1000,-110.0,0.0,SD,45800.0,145100.0,False,0.0,10:38:09
5930.0,100,-110.0,0.0,SD,45800.0,144100.0,False,-10.0,10:38:09
5940.0,500,-100.0,0.0,SD,45800.0,144000.0,False,0.0,10:38:09
5940.0,500,-100.0,0.0,SD,45800.0,143500.0,False,0.0,10:38:09
5940.0,100,-100.0,0.0,SD,45800.0,143000.0,False,-10.0,10:38:09
5950.0,500,-90.0,0.0,SD,45800.0,142900.0,False,0.0,10:38:09
5950.0,1000,-90.0,0.0,SD,45800.0,142400.0,False,0.0,10:38:09
5950.0,900,-90.0,0.0,SD,45800.0,141400.0,False,0.0,10:38:09
5950.0,100,-90.0,0.0,SD,45800.0,140500.0,False,0.0,10:36:47
5950.0,6400,-90.0,0.0,SD,45800.0,140400.0,False,0.0,10:36:44
5950.0,200,-90.0,0.0,SD,45800.0,134000.0,False,0.0,10:36:39
5950.0,7400,-90.0,0.0,SD,45800.0,133800.0,False,0.0,10:34:31
5950.0,100,-90.0,0.0,SD,45800.0,126400.0,False,0.0,10:34:31
5950.0,800,-90.0,0.0,SD,45800.0,126300.0,False,0.0,10:34:31
5950.0,1600,-90.0,0.0,SD,45800.0,125500.0,False,-10.0,10:34:31
5960.0,1900,-80.0,0.0,BU,45800.0,123900.0,False,0.0,10:34:31
5960.0,5000,-80.0,0.0,BU,43900.0,123900.0,False,0.0,10:34:31
5960.0,1100,-80.0,0.0,BU,38900.0,123900.0,False,0.0,10:34:31
5960.0,1000,-80.0,0.0,BU,37800.0,123900.0,False,0.0,10:34:31
5960.0,100,-80.0,0.0,BU,36800.0,123900.0,False,-20.0,10:34:31
5980.0,100,-60.0,0.0,SD,36700.0,123900.0,False,0.0,10:34:30
5980.0,900,-60.0,0.0,SD,36700.0,123800.0,False,0.0,10:34:30
5980.0,100,-60.0,0.0,SD,36700.0,122900.0,False,0.0,10:33:36
5980.0,900,-60.0,0.0,SD,36700.0,122800.0,False,-10.0,10:33:36
5990.0,200,-50.0,0.0,BU,36700.0,121900.0,False,10.0,10:33:35
5980.0,1000,-60.0,0.0,SD,36500.0,121900.0,False,0.0,10:32:53
5980.0,200,-60.0,0.0,SD,36500.0,120900.0,False,0.0,10:32:42
5980.0,1500,-60.0,0.0,SD,36500.0,120700.0,False,0.0,10:32:16
5980.0,1000,-60.0,0.0,SD,36500.0,119200.0,False,0.0,10:32:15
5980.0,400,-60.0,0.0,SD,36500.0,118200.0,False,0.0,10:32:14
5980.0,2000,-60.0,0.0,SD,36500.0,117800.0,False,0.0,10:32:14
5980.0,100,-60.0,0.0,SD,36500.0,115800.0,False,0.0,10:32:14
5980.0,200,-60.0,0.0,SD,36500.0,115700.0,False,0.0,10:32:14
5980.0,300,-60.0,0.0,SD,36500.0,115500.0,False,0.0,10:32:14
5980.0,600,-60.0,0.0,SD,36500.0,115200.0,False,0.0,10:32:13
5980.0,1700,-60.0,0.0,SD,36500.0,114600.0,False,0.0,10:31:51
5980.0,2400,-60.0,0.0,SD,36500.0,112900.0,False,0.0,10:31:36
5980.0,2000,-60.0,0.0,SD,36500.0,110500.0,False,0.0,10:31:36
5980.0,600,-60.0,0.0,SD,36500.0,108500.0,False,-20.0,10:31:36
6000.0,1000,-40.0,0.0,BU,36500.0,107900.0,False,20.0,10:27:15
5980.0,400,-60.0,0.0,SD,35500.0,107900.0,False,0.0,10:26:40
5980.0,100,-60.0,0.0,SD,35500.0,107500.0,False,0.0,10:26:40
5980.0,300,-60.0,0.0,SD,36500.0,115500.0,False,0.0,10:32:14
5980.0,600,-60.0,0.0,SD,36500.0,115200.0,False,0.0,10:32:13
5980.0,1700,-60.0,0.0,SD,36500.0,114600.0,False,0.0,10:31:51
5980.0,2400,-60.0,0.0,SD,36500.0,112900.0,False,0.0,10:31:36
5980.0,2000,-60.0,0.0,SD,36500.0,110500.0,False,0.0,10:31:36
5980.0,600,-60.0,0.0,SD,36500.0,108500.0,False,-20.0,10:31:36
6000.0,1000,-40.0,0.0,BU,36500.0,107900.0,False,20.0,10:27:15
5980.0,400,-60.0,0.0,SD,35500.0,107900.0,False,0.0,10:26:40
5980.0,100,-60.0,0.0,SD,35500.0,107500.0,False,0.0,10:26:40
5980.0,1100,-60.0,0.0,SD,35500.0,107400.0,False,0.0,10:26:40
5980.0,300,-60.0,0.0,SD,35500.0,106300.0,False,-10.0,10:24:59
5990.0,1000,-50.0,0.0,BU,35500.0,106000.0,False,0.0,10:24:34
5990.0,1000,-50.0,0.0,BU,34500.0,106000.0,False,0.0,10:24:34
5990.0,500,-50.0,0.0,BU,33500.0,106000.0,False,0.0,10:24:34
5990.0,300,-50.0,0.0,BU,33000.0,106000.0,False,0.0,10:24:34
5990.0,1100,-50.0,0.0,BU,32700.0,106000.0,False,0.0,10:24:34
5990.0,500,-50.0,0.0,SD,31600.0,106000.0,False,0.0,10:24:31
5990.0,2000,-50.0,0.0,SD,31600.0,105500.0,False,0.0,10:22:54
5990.0,4200,-50.0,0.0,SD,31600.0,103500.0,False,0.0,10:22:47
5990.0,1000,-50.0,0.0,SD,31600.0,99300.0,False,0.0,10:21:13
5990.0,1200,-50.0,0.0,SD,31600.0,98300.0,False,0.0,10:20:53
5990.0,1000,-50.0,0.0,SD,31600.0,97100.0,False,0.0,10:19:18
5990.0,1000,-50.0,0.0,SD,31600.0,96100.0,False,-10.0,10:19:04
6000.0,500,-40.0,0.0,BU,31600.0,95100.0,False,0.0,10:19:03
6000.0,100,-40.0,0.0,BU,31100.0,95100.0,False,0.0,10:18:43
6000.0,600,-40.0,0.0,BU,31000.0,95100.0,False,0.0,10:14:48
6000.0,100,-40.0,0.0,SD,30400.0,95100.0,False,0.0,10:14:09
6000.0,100,-40.0,0.0,SD,30400.0,95000.0,False,0.0,10:13:58
6000.0,1900,-40.0,0.0,SD,30400.0,94900.0,False,0.0,10:13:58
6000.0,2100,-40.0,0.0,SD,30400.0,93000.0,False,0.0,10:12:26
6000.0,6000,-40.0,0.0,SD,30400.0,90900.0,False,0.0,10:12:21
6000.0,1000,-40.0,0.0,SD,30400.0,84900.0,False,0.0,10:12:21
6000.0,6000,-40.0,0.0,SD,30400.0,83900.0,False,0.0,10:12:21
6000.0,4000,-40.0,0.0,SD,30400.0,77900.0,False,-10.0,10:11:15
6010.0,3000,-30.0,0.0,BU,30400.0,73900.0,False,0.0,10:10:51
6010.0,2000,-30.0,0.0,BU,27400.0,73900.0,False,0.0,10:10:51
6010.0,1000,-30.0,0.0,SD,25400.0,73900.0,False,0.0,10:10:40
6010.0,1000,-30.0,0.0,SD,25400.0,72900.0,False,0.0,10:09:26
6010.0,1900,-30.0,0.0,SD,25400.0,71900.0,False,0.0,10:07:47
6010.0,100,-30.0,0.0,SD,25400.0,70000.0,False,0.0,10:07:24
6010.0,100,-30.0,0.0,SD,25400.0,69900.0,False,-20.0,10:07:24
6030.0,200,-10.0,0.0,BU,25400.0,69800.0,False,0.0,10:05:44
6030.0,100,-10.0,0.0,BU,25200.0,69800.0,False,0.0,10:05:20
6030.0,300,-10.0,0.0,BU,25100.0,69800.0,False,0.0,10:04:24
6030.0,100,-10.0,0.0,BU,24800.0,69800.0,False,0.0,10:03:51
6030.0,900,-10.0,0.0,BU,24700.0,69800.0,False,0.0,10:03:51
6030.0,100,-10.0,0.0,BU,23800.0,69800.0,False,20.0,10:03:03
6010.0,1000,-30.0,0.0,BU,23700.0,69800.0,False,10.0,10:01:55
6000.0,1600,-40.0,0.0,SD,22700.0,69800.0,False,0.0,10:00:21
6000.0,200,-40.0,0.0,SD,22700.0,68200.0,False,0.0,09:59:58
6000.0,600,-40.0,0.0,SD,22700.0,68000.0,False,0.0,09:59:28
6000.0,400,-40.0,0.0,SD,22700.0,67400.0,False,0.0,09:59:28
6000.0,100,-40.0,0.0,SD,22700.0,67000.0,False,0.0,09:59:25
6000.0,700,-40.0,0.0,SD,22700.0,66900.0,False,0.0,09:58:48
6000.0,100,-40.0,0.0,SD,22700.0,66200.0,False,0.0,09:58:47
6000.0,700,-40.0,0.0,SD,22700.0,66100.0,False,0.0,09:58:28
6000.0,2300,-40.0,0.0,SD,22700.0,65400.0,False,0.0,09:58:28
6000.0,4500,-40.0,0.0,SD,22700.0,63100.0,False,-30.0,09:56:46
6030.0,300,-10.0,0.0,BU,22700.0,58600.0,False,10.0,09:52:59
6020.0,100,-20.0,0.0,BU,22400.0,58600.0,False,20.0,09:51:16
6000.0,1000,-40.0,0.0,BU,22300.0,58600.0,False,0.0,09:50:42
6000.0,1600,-40.0,0.0,BU,21300.0,58600.0,False,0.0,09:49:20
6000.0,100,-40.0,0.0,SD,19700.0,58600.0,False,10.0,09:48:24
5990.0,500,-50.0,0.0,BU,19700.0,58500.0,False,-10.0,09:46:19
6000.0,100,-40.0,0.0,BU,19200.0,58500.0,False,10.0,09:45:23
5990.0,500,-50.0,0.0,BU,19100.0,58500.0,False,10.0,09:43:02
5980.0,2000,-60.0,0.0,SD,18600.0,58500.0,False,0.0,09:42:49
5980.0,100,-60.0,0.0,SD,18600.0,56500.0,False,0.0,09:42:29
5980.0,1500,-60.0,0.0,SD,18600.0,56400.0,False,0.0,09:42:18
5980.0,500,-60.0,0.0,BU,18600.0,54900.0,False,0.0,09:42:10
5980.0,10000,-60.0,0.0,SD,18100.0,54900.0,False,-10.0,09:41:52
5990.0,500,-50.0,0.0,BU,18100.0,44900.0,False,10.0,09:41:37
5980.0,2000,-60.0,0.0,SD,17600.0,44900.0,False,0.0,09:41:35
5980.0,1500,-60.0,0.0,SD,17600.0,42900.0,False,0.0,09:41:35
5980.0,1200,-60.0,0.0,SD,17600.0,41400.0,False,-10.0,09:41:15
5990.0,800,-50.0,0.0,BU,17600.0,40200.0,False,0.0,09:41:15
5990.0,1000,-50.0,0.0,SD,16800.0,40200.0,False,-10.0,09:41:07
6000.0,600,-40.0,0.0,BU,16800.0,39200.0,False,20.0,09:40:05
5980.0,200,-60.0,0.0,SD,16200.0,39200.0,False,0.0,09:39:35
5980.0,600,-60.0,0.0,SD,16200.0,39000.0,False,0.0,09:39:28
5980.0,400,-60.0,0.0,SD,16200.0,38400.0,False,0.0,09:39:28
5980.0,600,-60.0,0.0,SD,16200.0,38000.0,False,-10.0,09:38:48
5990.0,400,-50.0,0.0,SD,16200.0,37400.0,False,0.0,09:38:48
5990.0,1500,-50.0,0.0,SD,16200.0,37000.0,False,0.0,09:38:45
5990.0,100,-50.0,0.0,SD,16200.0,35500.0,False,0.0,09:38:20
5990.0,400,-50.0,0.0,SD,16200.0,35400.0,False,0.0,09:38:20
5990.0,600,-50.0,0.0,SD,16200.0,35000.0,False,0.0,09:37:17
5990.0,200,-50.0,0.0,SD,16200.0,34400.0,False,0.0,09:37:17
5990.0,100,-50.0,0.0,SD,16200.0,34200.0,False,0.0,09:37:14
5990.0,600,-50.0,0.0,SD,16200.0,34100.0,False,-10.0,09:36:33
6000.0,400,-40.0,0.0,BU,16200.0,33500.0,False,0.0,09:36:33
6000.0,200,-40.0,0.0,SD,15800.0,33500.0,False,0.0,09:36:14
6000.0,100,-40.0,0.0,BU,15800.0,33300.0,False,0.0,09:36:10
6000.0,1100,-40.0,0.0,BU,15700.0,33300.0,False,0.0,09:36:10
6000.0,100,-40.0,0.0,BU,14600.0,33300.0,False,0.0,09:35:53
6000.0,1500,-40.0,0.0,BU,14500.0,33300.0,False,0.0,09:35:53
6000.0,400,-40.0,0.0,BU,13000.0,33300.0,False,0.0,09:35:53
6000.0,1000,-40.0,0.0,BU,12600.0,33300.0,False,10.0,09:35:33
5990.0,100,-50.0,0.0,SD,11600.0,33300.0,False,-10.0,09:35:05
6000.0,600,-40.0,0.0,BU,11600.0,33200.0,False,0.0,09:34:58
6000.0,900,-40.0,0.0,BU,11000.0,33200.0,False,0.0,09:34:22
6000.0,500,-40.0,0.0,SD,10100.0,33200.0,False,0.0,09:33:57
6000.0,600,-40.0,0.0,SD,10100.0,32700.0,False,0.0,09:33:57
6000.0,300,-40.0,0.0,SD,10100.0,32100.0,False,0.0,09:33:57
6000.0,500,-40.0,0.0,SD,10100.0,31800.0,False,0.0,09:33:57
6000.0,500,-40.0,0.0,SD,10100.0,31300.0,False,0.0,09:33:57
6000.0,600,-40.0,0.0,SD,10100.0,30800.0,False,0.0,09:33:57
6000.0,500,-40.0,0.0,SD,10100.0,30200.0,False,0.0,09:33:57
6000.0,500,-40.0,0.0,SD,10100.0,29700.0,False,0.0,09:33:57
6000.0,100,-40.0,0.0,SD,10100.0,29200.0,False,0.0,09:33:57
6000.0,5000,-40.0,0.0,SD,10100.0,29100.0,False,0.0,09:33:57
6000.0,200,-40.0,0.0,SD,10100.0,24100.0,False,0.0,09:33:57
6000.0,100,-40.0,0.0,SD,10100.0,23900.0,False,0.0,09:33:57
6000.0,600,-40.0,0.0,SD,10100.0,23800.0,False,-10.0,09:33:57
6010.0,500,-30.0,0.0,BU,10100.0,23200.0,False,0.0,09:33:45
6010.0,100,-30.0,0.0,SD,9600.0,23200.0,False,-30.0,09:33:09
6040.0,100,0.0,0.0,SD,9600.0,23100.0,False,0.0,09:31:26
6040.0,200,0.0,0.0,SD,9600.0,23000.0,False,0.0,09:31:26
6040.0,400,0.0,0.0,SD,9600.0,22800.0,False,0.0,09:31:24
6040.0,1000,0.0,0.0,SD,9600.0,22400.0,False,0.0,09:31:24
6040.0,100,0.0,0.0,SD,9600.0,21400.0,False,0.0,09:31:04
6040.0,300,0.0,0.0,SD,9600.0,21300.0,False,0.0,09:30:35
6040.0,100,0.0,0.0,SD,9600.0,21000.0,False,0.0,09:30:35
6040.0,600,0.0,0.0,SD,9600.0,20900.0,False,0.0,09:30:35
6040.0,700,0.0,0.0,SD,9600.0,20300.0,False,0.0,09:29:38
6040.0,1700,0.0,0.0,SD,9600.0,19600.0,False,-10.0,09:29:37
6050.0,1900,10.0,0.0,SD,9600.0,17900.0,False,0.0,09:29:30
6050.0,100,10.0,0.0,SD,9600.0,16000.0,False,-30.0,09:29:20
6080.0,400,40.0,0.0,BU,9600.0,15900.0,False,0.0,09:26:10
6080.0,100,40.0,0.0,SD,9200.0,15900.0,False,0.0,09:25:07
6080.0,400,40.0,0.0,SD,9200.0,15800.0,False,0.0,09:25:07
6080.0,500,40.0,0.0,SD,9200.0,15400.0,False,0.0,09:24:43
6080.0,200,40.0,0.0,SD,9200.0,14900.0,False,0.0,09:24:29
6080.0,500,40.0,0.0,BU,9200.0,14700.0,False,20.0,09:22:56
6060.0,100,20.0,0.0,BU,8700.0,14700.0,False,10.0,09:22:36
6050.0,1500,10.0,0.0,BU,8600.0,14700.0,False,0.0,09:22:04
6050.0,2000,10.0,0.0,BU,7100.0,14700.0,False,0.0,09:21:01
6050.0,5000,10.0,0.0,BU,5100.0,14700.0,False,0.0,09:20:58
6050.0,300,10.0,0.0,SD,100.0,14700.0,False,10.0,09:20:51
6040.0,100,0.0,0.0,SD,100.0,14400.0,False,0.0,09:18:59
6040.0,1800,0.0,0.0,SD,100.0,14300.0,False,0.0,09:18:48
6040.0,1000,0.0,0.0,SD,100.0,12500.0,False,0.0,09:18:48
6040.0,1500,0.0,0.0,SD,100.0,11500.0,False,-60.0,09:18:37
6100.0,100,60.0,0.0,BU,100.0,10000.0,False,60.0,09:18:37
6040.0,500,0.0,0.0,SD,0.0,10000.0,False,0.0,09:17:22
6040.0,9500,0.0,0.0,SD,0.0,9500.0,False,0.0,09:17:22
6040.0,500,0.0,0.0,,0.0,0.0,False,0.0,09:15:00
