p,v,cp,rcp,a,ba,sa,hl,pcp,t
4000.0,20700,-100.0,0.0,,347500.0,412100.0,False,-100.0,14:45:01
4100.0,100,0.0,0.0,BU,347500.0,412100.0,False,100.0,14:29:54
4000.0,25000,-100.0,0.0,SD,347400.0,412100.0,False,-100.0,14:29:13
4100.0,1000,0.0,0.0,BU,347400.0,387100.0,False,0.0,14:29:11
4100.0,500,0.0,0.0,BU,346400.0,387100.0,False,0.0,14:26:45
4100.0,100,0.0,0.0,BU,345900.0,387100.0,False,0.0,14:26:14
4100.0,100,0.0,0.0,BU,345800.0,387100.0,False,100.0,14:25:22
4000.0,100,-100.0,0.0,SD,345700.0,387100.0,False,-100.0,14:24:02
4100.0,300,0.0,0.0,BU,345700.0,387000.0,False,0.0,14:20:52
4100.0,100,0.0,0.0,BU,345400.0,387000.0,False,100.0,14:16:23
4000.0,100,-100.0,0.0,SD,345300.0,387000.0,False,-100.0,14:15:37
4100.0,100,0.0,0.0,BU,345300.0,386900.0,False,100.0,14:15:13
4000.0,8100,-100.0,0.0,SD,345200.0,386900.0,False,0.0,14:14:15
4000.0,5000,-100.0,0.0,BU,345200.0,378800.0,False,0.0,14:14:13
4000.0,1400,-100.0,0.0,BU,340200.0,378800.0,False,0.0,14:11:46
4000.0,100,-100.0,0.0,BU,338800.0,378800.0,False,0.0,14:11:12
4000.0,22500,-100.0,0.0,SD,338700.0,378800.0,False,0.0,14:10:55
4000.0,700,-100.0,0.0,SD,338700.0,356300.0,False,0.0,14:09:15
4000.0,3000,-100.0,0.0,SD,338700.0,355600.0,False,0.0,14:09:08
4000.0,3000,-100.0,0.0,SD,338700.0,352600.0,False,0.0,14:05:09
4000.0,200,-100.0,0.0,SD,338700.0,349600.0,False,0.0,14:01:34
4000.0,100,-100.0,0.0,SD,338700.0,349400.0,False,-100.0,14:00:08
4100.0,100,0.0,0.0,BU,338700.0,349300.0,False,100.0,13:58:02
4000.0,1000,-100.0,0.0,SD,338600.0,349300.0,False,0.0,13:57:10
4000.0,2000,-100.0,0.0,BU,338600.0,348300.0,False,0.0,13:56:09
4000.0,1000,-100.0,0.0,BU,336600.0,348300.0,False,0.0,13:55:56
4000.0,800,-100.0,0.0,BU,335600.0,348300.0,False,0.0,13:55:32
4000.0,1500,-100.0,0.0,BU,334800.0,348300.0,False,0.0,13:54:05
4000.0,200,-100.0,0.0,BU,333300.0,348300.0,False,0.0,13:53:26
4000.0,200,-100.0,0.0,BU,333100.0,348300.0,False,0.0,13:52:59
4000.0,400,-100.0,0.0,BU,332900.0,348300.0,False,0.0,13:52:14
4000.0,100,-100.0,0.0,BU,332500.0,348300.0,False,0.0,13:51:45
4000.0,1000,-100.0,0.0,BU,332400.0,348300.0,False,0.0,13:51:28
4000.0,100,-100.0,0.0,BU,331400.0,348300.0,False,0.0,13:51:00
4000.0,12300,-100.0,0.0,SD,331300.0,348300.0,False,0.0,13:49:13
4000.0,2500,-100.0,0.0,SD,331300.0,336000.0,False,0.0,13:48:36
4000.0,100,-100.0,0.0,SD,331300.0,333500.0,False,0.0,13:48:35
4000.0,1400,-100.0,0.0,SD,331300.0,333400.0,False,0.0,13:48:05
4000.0,1000,-100.0,0.0,BU,331300.0,332000.0,False,0.0,13:48:04
4000.0,1900,-100.0,0.0,BU,330300.0,332000.0,False,0.0,13:47:29
4000.0,1700,-100.0,0.0,BU,328400.0,332000.0,False,0.0,13:47:14
4000.0,1000,-100.0,0.0,BU,326700.0,332000.0,False,0.0,13:47:10
4000.0,600,-100.0,0.0,BU,325700.0,332000.0,False,0.0,13:47:02
4000.0,300,-100.0,0.0,BU,325100.0,332000.0,False,0.0,13:47:00
4000.0,1000,-100.0,0.0,BU,324800.0,332000.0,False,0.0,13:46:55
4000.0,1600,-100.0,0.0,BU,323800.0,332000.0,False,0.0,13:46:18
4000.0,100,-100.0,0.0,BU,322200.0,332000.0,False,0.0,13:46:10
4000.0,200,-100.0,0.0,BU,322100.0,332000.0,False,0.0,13:45:55
4000.0,1000,-100.0,0.0,BU,321900.0,332000.0,False,0.0,13:45:41
4000.0,300,-100.0,0.0,BU,320900.0,332000.0,False,0.0,13:45:33
4000.0,6000,-100.0,0.0,BU,320600.0,332000.0,False,0.0,13:45:29
4000.0,1000,-100.0,0.0,BU,314600.0,332000.0,False,0.0,13:44:50
4000.0,300,-100.0,0.0,BU,313600.0,332000.0,False,0.0,13:44:18
4000.0,200,-100.0,0.0,BU,313300.0,332000.0,False,0.0,13:42:44
4000.0,1500,-100.0,0.0,BU,313100.0,332000.0,False,0.0,13:42:38
4000.0,1300,-100.0,0.0,BU,311600.0,332000.0,False,0.0,13:42:19
4000.0,1000,-100.0,0.0,BU,310300.0,332000.0,False,0.0,13:41:56
4000.0,100,-100.0,0.0,BU,309300.0,332000.0,False,0.0,13:41:37
4000.0,1600,-100.0,0.0,BU,309200.0,332000.0,False,0.0,13:41:07
4000.0,100,-100.0,0.0,BU,307600.0,332000.0,False,0.0,13:40:28
4000.0,3000,-100.0,0.0,BU,307500.0,332000.0,False,0.0,13:40:10
4000.0,2000,-100.0,0.0,BU,304500.0,332000.0,False,0.0,13:39:40
4000.0,500,-100.0,0.0,BU,302500.0,332000.0,False,0.0,13:39:38
4000.0,3000,-100.0,0.0,BU,302000.0,332000.0,False,0.0,13:39:00
4000.0,200,-100.0,0.0,BU,299000.0,332000.0,False,0.0,13:38:35
4000.0,700,-100.0,0.0,BU,298800.0,332000.0,False,0.0,13:38:27
4000.0,300,-100.0,0.0,BU,298100.0,332000.0,False,0.0,13:36:07
4000.0,500,-100.0,0.0,BU,297800.0,332000.0,False,0.0,13:35:52
4000.0,100,-100.0,0.0,BU,297300.0,332000.0,False,0.0,13:34:54
4000.0,100,-100.0,0.0,BU,297200.0,332000.0,False,0.0,13:33:15
4000.0,100,-100.0,0.0,BU,297100.0,332000.0,False,0.0,13:33:04
4000.0,100,-100.0,0.0,BU,297000.0,332000.0,False,0.0,13:32:37
4000.0,300,-100.0,0.0,BU,296900.0,332000.0,False,0.0,13:32:18
4000.0,200,-100.0,0.0,BU,296600.0,332000.0,False,0.0,13:32:08
4000.0,100,-100.0,0.0,BU,296400.0,332000.0,False,0.0,13:30:53
4000.0,2000,-100.0,0.0,BU,296300.0,332000.0,False,0.0,13:30:32
4000.0,500,-100.0,0.0,BU,294300.0,332000.0,False,0.0,13:29:53
4000.0,1000,-100.0,0.0,BU,293800.0,332000.0,False,0.0,13:29:35
4000.0,9800,-100.0,0.0,BU,292800.0,332000.0,False,0.0,13:29:27
4000.0,100,-100.0,0.0,BU,283000.0,332000.0,False,0.0,13:28:32
4000.0,1700,-100.0,0.0,BU,282900.0,332000.0,False,0.0,13:28:13
4000.0,80100,-100.0,0.0,BU,281200.0,332000.0,True,0.0,13:28:05
4000.0,100,-100.0,0.0,BU,201100.0,332000.0,False,0.0,13:27:28
4000.0,15900,-100.0,0.0,BU,201000.0,332000.0,False,0.0,13:27:06
4000.0,1000,-100.0,0.0,BU,185100.0,332000.0,False,0.0,13:25:41
4000.0,200,-100.0,0.0,BU,184100.0,332000.0,False,0.0,13:24:42
4000.0,1500,-100.0,0.0,BU,183900.0,332000.0,False,0.0,13:24:04
4000.0,100,-100.0,0.0,BU,182400.0,332000.0,False,0.0,13:23:29
4000.0,1000,-100.0,0.0,BU,182300.0,332000.0,False,0.0,13:23:23
4000.0,1600,-100.0,0.0,BU,181300.0,332000.0,False,0.0,13:23:10
4000.0,700,-100.0,0.0,BU,179700.0,332000.0,False,0.0,13:22:40
4000.0,2000,-100.0,0.0,BU,179000.0,332000.0,False,0.0,13:22:27
4000.0,1000,-100.0,0.0,BU,177000.0,332000.0,False,0.0,13:21:29
4000.0,800,-100.0,0.0,BU,176000.0,332000.0,False,0.0,13:17:28
4000.0,1000,-100.0,0.0,BU,175200.0,332000.0,False,0.0,13:16:18
4000.0,300,-100.0,0.0,BU,174200.0,332000.0,False,0.0,13:15:08
4000.0,100,-100.0,0.0,BU,173900.0,332000.0,False,0.0,13:13:41
4000.0,5900,-100.0,0.0,BU,173800.0,332000.0,False,0.0,13:11:20
4000.0,300,-100.0,0.0,BU,167900.0,332000.0,False,0.0,13:09:25
4000.0,200,-100.0,0.0,BU,167600.0,332000.0,False,0.0,13:08:23
4000.0,100,-100.0,0.0,BU,167400.0,332000.0,False,0.0,13:06:06
4000.0,20800,-100.0,0.0,BU,167300.0,332000.0,False,0.0,13:05:01
4000.0,100,-100.0,0.0,BU,146500.0,332000.0,False,0.0,13:03:40
4000.0,2500,-100.0,0.0,BU,146400.0,332000.0,False,0.0,13:00:04
4000.0,300,-100.0,0.0,BU,143900.0,332000.0,False,0.0,13:00:03
4000.0,2500,-100.0,0.0,BU,143600.0,332000.0,False,0.0,11:29:42
4000.0,8000,-100.0,0.0,SD,141100.0,332000.0,False,0.0,11:28:23
4000.0,10000,-100.0,0.0,SD,141100.0,324000.0,False,0.0,11:27:39
4000.0,5000,-100.0,0.0,SD,141100.0,314000.0,False,0.0,11:25:54
4000.0,2200,-100.0,0.0,SD,141100.0,309000.0,False,-100.0,11:20:30
4100.0,1000,0.0,0.0,BU,141100.0,306800.0,False,0.0,11:15:52
4100.0,1000,0.0,0.0,BU,140100.0,306800.0,False,100.0,11:14:43
4000.0,600,-100.0,0.0,SD,139100.0,306800.0,False,0.0,11:14:35
4000.0,3100,-100.0,0.0,SD,139100.0,306200.0,False,-100.0,11:13:18
4100.0,100,0.0,0.0,BU,139100.0,303100.0,False,100.0,11:06:45
4000.0,5000,-100.0,0.0,SD,139000.0,303100.0,False,0.0,11:03:12
4000.0,2000,-100.0,0.0,SD,139000.0,298100.0,False,0.0,10:58:41
4000.0,10000,-100.0,0.0,SD,139000.0,296100.0,False,0.0,10:57:33
4000.0,5000,-100.0,0.0,SD,139000.0,286100.0,False,0.0,10:53:53
4000.0,2400,-100.0,0.0,SD,139000.0,281100.0,False,0.0,10:52:27
4000.0,10000,-100.0,0.0,BU,139000.0,278700.0,False,0.0,10:51:32
4000.0,100,-100.0,0.0,BU,129000.0,278700.0,False,0.0,10:51:11
4000.0,500,-100.0,0.0,BU,128900.0,278700.0,False,0.0,10:51:01
4000.0,100,-100.0,0.0,BU,128400.0,278700.0,False,0.0,10:49:53
4000.0,9300,-100.0,0.0,BU,128300.0,278700.0,False,0.0,10:49:02
4000.0,100,-100.0,0.0,BU,119000.0,278700.0,False,0.0,10:48:23
4000.0,5000,-100.0,0.0,BU,118900.0,278700.0,False,0.0,10:47:53
4000.0,1700,-100.0,0.0,BU,113900.0,278700.0,False,0.0,10:47:25
4000.0,3000,-100.0,0.0,BU,112200.0,278700.0,False,100.0,10:43:48
3900.0,5000,-200.0,0.0,SD,109200.0,278700.0,False,-100.0,10:41:31
4000.0,500,-100.0,0.0,BU,109200.0,273700.0,False,0.0,10:41:08
4000.0,1000,-100.0,0.0,BU,108700.0,273700.0,False,100.0,10:41:04
3900.0,400,-200.0,0.0,SD,107700.0,273700.0,False,-100.0,10:39:34
4000.0,300,-100.0,0.0,BU,107700.0,273300.0,False,0.0,10:39:28
4000.0,5000,-100.0,0.0,BU,107400.0,273300.0,False,0.0,10:39:06
4000.0,1000,-100.0,0.0,BU,102400.0,273300.0,False,0.0,10:38:36
4000.0,800,-100.0,0.0,BU,101400.0,273300.0,False,0.0,10:37:09
4000.0,21000,-100.0,0.0,BU,100600.0,273300.0,False,0.0,10:35:59
4000.0,200,-100.0,0.0,BU,79600.0,273300.0,False,0.0,10:35:04
4000.0,7000,-100.0,0.0,BU,79400.0,273300.0,False,0.0,10:32:31
4000.0,5400,-100.0,0.0,SD,72400.0,273300.0,False,0.0,10:32:19
4000.0,10000,-100.0,0.0,SD,72400.0,267900.0,False,0.0,10:31:26
4000.0,1700,-100.0,0.0,SD,72400.0,257900.0,False,0.0,10:31:14
4000.0,13300,-100.0,0.0,BU,72400.0,256200.0,False,0.0,10:30:28
4000.0,400,-100.0,0.0,BU,59100.0,256200.0,False,0.0,10:30:09
4000.0,5000,-100.0,0.0,BU,58700.0,256200.0,False,0.0,10:29:59
4000.0,1600,-100.0,0.0,BU,53700.0,256200.0,False,0.0,10:29:56
4000.0,100,-100.0,0.0,BU,52100.0,256200.0,False,0.0,10:29:05
4000.0,2000,-100.0,0.0,BU,52000.0,256200.0,False,0.0,10:29:02
4000.0,900,-100.0,0.0,BU,50000.0,256200.0,False,0.0,10:28:48
4000.0,3000,-100.0,0.0,BU,49100.0,256200.0,False,0.0,10:27:52
4000.0,2500,-100.0,0.0,BU,46100.0,256200.0,False,0.0,10:27:45
4000.0,2000,-100.0,0.0,BU,43600.0,256200.0,False,0.0,10:27:25
4000.0,200,-100.0,0.0,BU,41600.0,256200.0,False,0.0,10:26:13
4000.0,100,-100.0,0.0,BU,41400.0,256200.0,False,0.0,10:26:01
4000.0,100,-100.0,0.0,BU,41300.0,256200.0,False,0.0,10:25:34
4000.0,100,-100.0,0.0,BU,41200.0,256200.0,False,0.0,10:25:29
4000.0,100,-100.0,0.0,BU,41100.0,256200.0,False,0.0,10:24:26
4000.0,700,-100.0,0.0,BU,41000.0,256200.0,False,0.0,10:23:31
4000.0,100,-100.0,0.0,BU,40300.0,256200.0,False,0.0,10:23:14
4000.0,400,-100.0,0.0,BU,40200.0,256200.0,False,0.0,10:22:32
4000.0,100,-100.0,0.0,BU,39800.0,256200.0,False,0.0,10:21:06
4000.0,100,-100.0,0.0,BU,39700.0,256200.0,False,0.0,10:19:32
4000.0,600,-100.0,0.0,BU,39600.0,256200.0,False,0.0,10:19:18
4000.0,800,-100.0,0.0,BU,39000.0,256200.0,False,0.0,10:19:13
4000.0,100,-100.0,0.0,BU,38200.0,256200.0,False,0.0,10:18:36
4000.0,200,-100.0,0.0,BU,38100.0,256200.0,False,0.0,10:18:12
4000.0,1000,-100.0,0.0,BU,37900.0,256200.0,False,0.0,10:17:47
4000.0,700,-100.0,0.0,BU,36900.0,256200.0,False,0.0,10:17:37
4000.0,28600,-100.0,0.0,SD,36200.0,256200.0,False,0.0,10:17:18
4000.0,100000,-100.0,0.0,SD,36200.0,227600.0,True,0.0,10:17:13
4000.0,10000,-100.0,0.0,SD,36200.0,127600.0,False,0.0,10:13:34
4000.0,2000,-100.0,0.0,SD,36200.0,117600.0,False,0.0,10:10:54
4000.0,1000,-100.0,0.0,SD,36200.0,115600.0,False,-100.0,10:08:07
4100.0,100,0.0,0.0,BU,36200.0,114600.0,False,0.0,10:06:14
4100.0,100,0.0,0.0,BU,36100.0,114600.0,False,0.0,10:04:24
4100.0,300,0.0,0.0,BU,36000.0,114600.0,False,0.0,10:04:15
4100.0,100,0.0,0.0,BU,35700.0,114600.0,False,0.0,10:03:04
4100.0,100,0.0,0.0,BU,35600.0,114600.0,False,0.0,10:01:47
4100.0,100,0.0,0.0,BU,35500.0,114600.0,False,0.0,10:01:25
4100.0,400,0.0,0.0,BU,35400.0,114600.0,False,0.0,10:01:24
4100.0,200,0.0,0.0,BU,35000.0,114600.0,False,100.0,10:00:37
4000.0,100,-100.0,0.0,SD,34800.0,114600.0,False,-100.0,09:53:32
4100.0,300,0.0,0.0,BU,34800.0,114500.0,False,0.0,09:53:09
4100.0,300,0.0,0.0,BU,34500.0,114500.0,False,0.0,09:52:31
4100.0,3700,0.0,0.0,BU,34200.0,114500.0,False,100.0,09:52:12
4000.0,3000,-100.0,0.0,SD,30500.0,114500.0,False,0.0,09:48:10
4000.0,1700,-100.0,0.0,SD,30500.0,111500.0,False,0.0,09:46:55
4000.0,100000,-100.0,0.0,SD,30500.0,109800.0,True,0.0,09:45:00
4000.0,1500,-100.0,0.0,SD,30500.0,9800.0,False,0.0,09:38:14
4000.0,1000,-100.0,0.0,SD,30500.0,8300.0,False,0.0,09:32:06
4000.0,400,-100.0,0.0,SD,30500.0,7300.0,False,-100.0,09:32:02
4100.0,100,0.0,0.0,BU,30500.0,6900.0,False,0.0,09:30:57
4100.0,100,0.0,0.0,BU,30400.0,6900.0,False,0.0,09:30:33
4100.0,2000,0.0,0.0,BU,30300.0,6900.0,False,0.0,09:29:22
4100.0,20000,0.0,0.0,BU,28300.0,6900.0,False,0.0,09:28:38
4100.0,300,0.0,0.0,BU,8300.0,6900.0,False,0.0,09:28:05
4100.0,700,0.0,0.0,BU,8000.0,6900.0,False,100.0,09:26:44
4000.0,1900,-100.0,0.0,SD,7300.0,6900.0,False,-100.0,09:24:17
4100.0,200,0.0,0.0,BU,7300.0,5000.0,False,0.0,09:22:32
4100.0,200,0.0,0.0,BU,7100.0,5000.0,False,0.0,09:20:51
4100.0,1000,0.0,0.0,BU,6900.0,5000.0,False,0.0,09:20:39
4100.0,1500,0.0,0.0,BU,5900.0,5000.0,False,0.0,09:19:39
4100.0,1000,0.0,0.0,BU,4400.0,5000.0,False,100.0,09:16:56
4000.0,5000,-100.0,0.0,SD,3400.0,5000.0,False,-100.0,09:15:02
4100.0,1500,0.0,0.0,BU,3400.0,0.0,False,0.0,09:13:05
4100.0,100,0.0,0.0,BU,1900.0,0.0,False,0.0,09:12:54
4100.0,100,0.0,0.0,BU,1800.0,0.0,False,0.0,09:02:50
4100.0,1600,0.0,0.0,BU,1700.0,0.0,False,0.0,09:00:12
4100.0,100,0.0,0.0,BU,100.0,0.0,False,0.0,09:00:04
