p,v,cp,rcp,a,ba,sa,hl,pcp,t
23100.0,9300,-200.0,0.0,,54100.0,85100.0,False,0.0,14:45:00
23100.0,1300,-200.0,0.0,BU,54100.0,85100.0,False,50.0,14:29:05
23050.0,2000,-250.0,0.0,BU,52800.0,85100.0,False,50.0,14:29:05
23000.0,5000,-300.0,0.0,BU,50800.0,85100.0,False,0.0,14:29:05
23000.0,5000,-300.0,0.0,BU,45800.0,85100.0,False,0.0,14:29:05
23000.0,1000,-300.0,0.0,BU,40800.0,85100.0,False,0.0,14:29:05
23000.0,1000,-300.0,0.0,BU,39800.0,85100.0,False,0.0,14:29:05
23000.0,100,-300.0,0.0,BU,38800.0,85100.0,False,0.0,14:29:05
23000.0,600,-300.0,0.0,BU,38700.0,85100.0,False,0.0,14:29:05
23000.0,400,-300.0,0.0,BU,38100.0,85100.0,False,0.0,14:23:22
23000.0,200,-300.0,0.0,BU,37700.0,85100.0,False,0.0,14:22:02
23000.0,700,-300.0,0.0,BU,37500.0,85100.0,False,0.0,14:22:02
23000.0,400,-300.0,0.0,BU,36800.0,85100.0,False,0.0,14:14:24
23000.0,900,-300.0,0.0,BU,36400.0,85100.0,False,100.0,14:04:44
22900.0,100,-400.0,0.0,BU,35500.0,85100.0,False,100.0,14:04:44
22800.0,300,-500.0,0.0,SD,35400.0,85100.0,False,-100.0,13:59:50
22900.0,500,-400.0,0.0,BU,35400.0,84800.0,False,0.0,13:59:47
22900.0,400,-400.0,0.0,SD,34900.0,84800.0,False,-100.0,13:59:23
23000.0,100,-300.0,0.0,BU,34900.0,84400.0,False,0.0,13:55:35
23000.0,200,-300.0,0.0,BU,34800.0,84400.0,False,600.0,13:55:35
22400.0,2600,-900.0,0.0,SD,34600.0,84400.0,False,-50.0,13:30:38
22450.0,2000,-850.0,0.0,SD,34600.0,81800.0,False,0.0,13:30:38
22450.0,100,-850.0,0.0,SD,34600.0,79800.0,False,-50.0,13:30:38
22500.0,1000,-800.0,0.0,SD,34600.0,79700.0,False,0.0,13:30:38
22500.0,1000,-800.0,0.0,SD,34600.0,78700.0,False,-50.0,13:30:38
22550.0,1000,-750.0,0.0,SD,34600.0,77700.0,False,0.0,13:30:38
22550.0,1000,-750.0,0.0,SD,34600.0,76700.0,False,0.0,13:30:38
22550.0,1000,-750.0,0.0,SD,34600.0,75700.0,False,0.0,13:30:38
22550.0,100,-750.0,0.0,SD,34600.0,74700.0,False,-50.0,13:30:38
22600.0,200,-700.0,0.0,SD,34600.0,74600.0,False,-600.0,13:30:38
23200.0,100,-100.0,0.0,BU,34600.0,74400.0,False,0.0,13:29:40
23200.0,500,-100.0,0.0,BU,34500.0,74400.0,False,50.0,13:29:40
23150.0,1000,-150.0,0.0,BU,34000.0,74400.0,False,0.0,13:29:40
23150.0,300,-150.0,0.0,BU,33000.0,74400.0,False,150.0,13:29:40
23000.0,100,-300.0,0.0,BU,32700.0,74400.0,False,450.0,13:29:40
22550.0,300,-750.0,0.0,SD,32600.0,74400.0,False,0.0,13:18:02
22550.0,500,-750.0,0.0,SD,32600.0,74100.0,False,-50.0,13:14:28
22600.0,700,-700.0,0.0,SD,32600.0,73600.0,False,50.0,13:11:08
22550.0,500,-750.0,0.0,SD,32600.0,72900.0,False,-50.0,13:10:23
22600.0,5000,-700.0,0.0,SD,32600.0,72400.0,False,-600.0,13:09:55
23200.0,1000,-100.0,0.0,BU,32600.0,67400.0,False,100.0,11:22:00
23100.0,100,-200.0,0.0,BU,31600.0,67400.0,False,0.0,11:22:00
23100.0,200,-200.0,0.0,BU,31500.0,67400.0,False,150.0,11:22:00
22950.0,700,-350.0,0.0,BU,31300.0,67400.0,False,-50.0,11:22:00
23000.0,200,-300.0,0.0,BU,30600.0,67400.0,False,0.0,11:13:46
23000.0,3900,-300.0,0.0,SD,30400.0,67400.0,False,0.0,11:13:07
23000.0,20000,-300.0,0.0,SD,30400.0,63500.0,True,-100.0,11:11:27
23100.0,100,-200.0,0.0,BU,30400.0,43500.0,False,0.0,11:10:48
23100.0,100,-200.0,0.0,SD,30300.0,43500.0,False,0.0,11:09:45
23100.0,300,-200.0,0.0,BU,30300.0,43400.0,False,0.0,11:06:07
23100.0,200,-200.0,0.0,BU,30000.0,43400.0,False,0.0,11:05:16
23100.0,1000,-200.0,0.0,BU,29800.0,43400.0,False,100.0,11:05:16
23000.0,2000,-300.0,0.0,SD,28800.0,43400.0,False,0.0,11:03:54
23000.0,400,-300.0,0.0,SD,28800.0,41400.0,False,50.0,11:03:54
22950.0,4100,-350.0,0.0,SD,28800.0,41000.0,False,400.0,11:03:54
22550.0,600,-750.0,0.0,BU,28800.0,36900.0,False,0.0,11:01:07
22550.0,400,-750.0,0.0,BU,28200.0,36900.0,False,0.0,11:01:07
22550.0,500,-750.0,0.0,BU,27800.0,36900.0,False,50.0,11:00:54
22500.0,100,-800.0,0.0,BU,27300.0,36900.0,False,0.0,11:00:54
22500.0,500,-800.0,0.0,BU,27200.0,36900.0,False,0.0,11:00:54
22500.0,900,-800.0,0.0,BU,26700.0,36900.0,False,0.0,11:00:54
22500.0,100,-800.0,0.0,BU,25800.0,36900.0,False,200.0,11:00:04
22300.0,400,-1000.0,0.0,SD,25700.0,36900.0,False,0.0,10:42:48
22300.0,1000,-1000.0,0.0,SD,25700.0,36500.0,False,0.0,10:42:48
22300.0,500,-1000.0,0.0,SD,25700.0,35500.0,False,0.0,10:42:48
22300.0,1000,-1000.0,0.0,SD,25700.0,35000.0,False,0.0,10:42:48
22300.0,200,-1000.0,0.0,SD,25700.0,34000.0,False,0.0,10:42:48
22300.0,200,-1000.0,0.0,SD,25700.0,33800.0,False,-100.0,10:42:48
22400.0,400,-900.0,0.0,SD,25700.0,33600.0,False,0.0,10:42:48
22400.0,500,-900.0,0.0,SD,25700.0,33200.0,False,-150.0,10:33:57
22550.0,500,-750.0,0.0,BU,25700.0,32700.0,False,0.0,10:31:24
22550.0,2600,-750.0,0.0,BU,25200.0,32700.0,False,0.0,10:30:33
22550.0,200,-750.0,0.0,SD,22600.0,32700.0,False,0.0,10:30:19
22550.0,200,-750.0,0.0,SD,22600.0,32500.0,False,0.0,10:30:10
22550.0,100,-750.0,0.0,BU,22600.0,32300.0,False,150.0,10:24:54
22400.0,400,-900.0,0.0,SD,22500.0,32300.0,False,0.0,10:20:48
22400.0,600,-900.0,0.0,SD,22500.0,31900.0,False,0.0,10:20:48
22400.0,100,-900.0,0.0,SD,22500.0,31300.0,False,-150.0,10:20:48
22550.0,400,-750.0,0.0,BU,22500.0,31200.0,False,0.0,10:19:23
22550.0,200,-750.0,0.0,BU,22100.0,31200.0,False,150.0,10:19:23
22400.0,700,-900.0,0.0,SD,21900.0,31200.0,False,-150.0,10:19:17
22550.0,1000,-750.0,0.0,BU,21900.0,30500.0,False,150.0,10:18:28
22400.0,400,-900.0,0.0,SD,20900.0,30500.0,False,0.0,10:18:22
22400.0,5000,-900.0,0.0,SD,20900.0,30100.0,False,-50.0,10:18:22
22450.0,500,-850.0,0.0,SD,20900.0,25100.0,False,0.0,10:18:22
22450.0,4000,-850.0,0.0,SD,20900.0,24600.0,False,0.0,10:18:22
22450.0,100,-850.0,0.0,SD,20900.0,20600.0,False,150.0,10:18:22
22300.0,400,-1000.0,0.0,BU,20900.0,20500.0,False,0.0,10:04:32
22300.0,1000,-1000.0,0.0,BU,20500.0,20500.0,False,0.0,10:04:01
22300.0,1000,-1000.0,0.0,BU,19500.0,20500.0,False,-150.0,10:03:43
22450.0,100,-850.0,0.0,BU,18500.0,20500.0,False,150.0,10:03:29
22300.0,1400,-1000.0,0.0,SD,18400.0,20500.0,False,0.0,10:02:26
22300.0,700,-1000.0,0.0,SD,18400.0,19100.0,False,-200.0,10:02:25
22500.0,200,-800.0,0.0,BU,18400.0,18400.0,False,0.0,10:00:57
22500.0,300,-800.0,0.0,SD,18200.0,18400.0,False,0.0,09:59:30
22500.0,200,-800.0,0.0,SD,18200.0,18100.0,False,0.0,09:59:30
22500.0,1800,-800.0,0.0,SD,18200.0,17900.0,False,0.0,09:59:01
22500.0,600,-800.0,0.0,SD,18200.0,16100.0,False,0.0,09:59:01
22500.0,1400,-800.0,0.0,SD,18200.0,15500.0,False,0.0,09:58:15
22500.0,1000,-800.0,0.0,SD,18200.0,14100.0,False,-100.0,09:58:15
22600.0,700,-700.0,0.0,BU,18200.0,13100.0,False,0.0,09:57:07
22600.0,1000,-700.0,0.0,BU,17500.0,13100.0,False,0.0,09:57:07
22600.0,1000,-700.0,0.0,BU,16500.0,13100.0,False,0.0,09:57:07
22600.0,1000,-700.0,0.0,BU,15500.0,13100.0,False,-100.0,09:57:07
22700.0,5000,-600.0,0.0,BU,14500.0,13100.0,False,-100.0,09:57:07
22800.0,200,-500.0,0.0,BU,9500.0,13100.0,False,0.0,09:57:07
22800.0,500,-500.0,0.0,BU,9300.0,13100.0,False,0.0,09:57:07
22800.0,100,-500.0,0.0,BU,8800.0,13100.0,False,-200.0,09:57:07
23000.0,500,-300.0,0.0,BU,8700.0,13100.0,False,100.0,09:56:58
22900.0,100,-400.0,0.0,BU,8200.0,13100.0,False,0.0,09:56:58
22900.0,400,-400.0,0.0,BU,8100.0,13100.0,False,0.0,09:56:58
22900.0,1000,-400.0,0.0,BU,7700.0,13100.0,False,0.0,09:56:58
22900.0,200,-400.0,0.0,BU,6700.0,13100.0,False,0.0,09:53:12
22900.0,300,-400.0,0.0,BU,6500.0,13100.0,False,0.0,09:53:12
22900.0,100,-400.0,0.0,BU,6200.0,13100.0,False,0.0,09:43:56
22900.0,300,-400.0,0.0,SD,6100.0,13100.0,False,0.0,09:42:13
22900.0,300,-400.0,0.0,SD,6100.0,12800.0,False,0.0,09:42:13
22900.0,700,-400.0,0.0,SD,6100.0,12500.0,False,0.0,09:42:09
22900.0,300,-400.0,0.0,SD,6100.0,11800.0,False,0.0,09:42:09
22900.0,4700,-400.0,0.0,SD,6100.0,11500.0,False,0.0,09:39:14
22900.0,300,-400.0,0.0,SD,6100.0,6800.0,False,-500.0,09:39:14
23400.0,900,100.0,0.0,BU,6100.0,6500.0,False,100.0,09:38:30
23300.0,1500,0.0,0.0,BU,5200.0,6500.0,False,100.0,09:38:30
23200.0,1000,-100.0,0.0,BU,3700.0,6500.0,False,100.0,09:38:30
23100.0,200,-200.0,0.0,BU,2700.0,6500.0,False,0.0,09:38:30
23100.0,700,-200.0,0.0,BU,2500.0,6500.0,False,50.0,09:38:30
23050.0,400,-250.0,0.0,BU,1800.0,6500.0,False,150.0,09:38:30
22900.0,300,-400.0,0.0,BU,1400.0,6500.0,False,-200.0,09:38:30
23100.0,300,-200.0,0.0,BU,1100.0,6500.0,False,300.0,09:32:13
22800.0,1200,-500.0,0.0,SD,800.0,6500.0,False,0.0,09:27:27
22800.0,300,-500.0,0.0,BU,800.0,5300.0,False,0.0,09:26:42
22800.0,500,-500.0,0.0,BU,500.0,5300.0,False,0.0,09:26:42
22800.0,1000,-500.0,0.0,SD,0.0,5300.0,False,0.0,09:21:56
22800.0,500,-500.0,0.0,SD,0.0,4300.0,False,0.0,09:21:03
22800.0,2000,-500.0,0.0,SD,0.0,3800.0,False,0.0,09:16:28
22800.0,100,-500.0,0.0,SD,0.0,1800.0,False,-200.0,09:16:28
23000.0,1100,-300.0,0.0,SD,0.0,1700.0,False,0.0,09:15:55
23000.0,600,-300.0,0.0,SD,0.0,600.0,False,0.0,09:15:55
23000.0,900,-300.0,0.0,,0.0,0.0,False,0.0,09:15:00
