p,v,cp,rcp,a,ba,sa,hl,pcp,t
38900.0,1600,1500.0,0.0,,12000.0,16200.0,False,800.0,14:45:02
38100.0,300,700.0,0.0,BU,12000.0,16200.0,False,-100.0,14:28:24
38200.0,200,800.0,0.0,BU,11700.0,16200.0,False,100.0,14:27:47
38100.0,1000,700.0,0.0,SD,11500.0,16200.0,False,-100.0,14:27:45
38200.0,300,800.0,0.0,SD,11500.0,15200.0,False,-100.0,14:26:50
38300.0,100,900.0,0.0,BU,11500.0,14900.0,False,100.0,14:25:02
38200.0,200,800.0,0.0,BU,11400.0,14900.0,False,0.0,14:09:08
38200.0,1000,800.0,0.0,BU,11200.0,14900.0,False,0.0,14:08:18
38200.0,700,800.0,0.0,SD,10200.0,14900.0,False,0.0,13:49:58
38200.0,100,800.0,0.0,SD,10200.0,14200.0,False,0.0,13:44:41
38200.0,300,800.0,0.0,SD,10200.0,14100.0,False,0.0,13:37:08
38200.0,100,800.0,0.0,BU,10200.0,13800.0,False,0.0,13:37:04
38200.0,100,800.0,0.0,BU,10100.0,13800.0,False,400.0,13:36:00
37800.0,500,400.0,0.0,BU,10000.0,13800.0,False,200.0,13:27:38
37600.0,500,200.0,0.0,BU,9500.0,13800.0,False,0.0,13:19:57
37600.0,400,200.0,0.0,BU,9000.0,13800.0,False,200.0,13:19:29
37400.0,200,0.0,0.0,SD,8600.0,13800.0,False,0.0,13:15:39
37400.0,200,0.0,0.0,BU,8600.0,13600.0,False,0.0,13:15:25
37400.0,100,0.0,0.0,BU,8400.0,13600.0,False,0.0,13:14:41
37400.0,100,0.0,0.0,SD,8300.0,13600.0,False,0.0,13:14:36
37400.0,4000,0.0,0.0,SD,8300.0,13500.0,False,-400.0,13:11:21
37800.0,2500,400.0,0.0,BU,8300.0,9500.0,False,-100.0,13:08:22
37900.0,400,500.0,0.0,SD,5800.0,9500.0,False,0.0,11:28:50
37900.0,100,500.0,0.0,SD,5800.0,9100.0,False,-100.0,11:27:21
38000.0,100,600.0,0.0,BU,5800.0,9000.0,False,0.0,11:23:08
38000.0,100,600.0,0.0,SD,5700.0,9000.0,False,0.0,11:22:50
38000.0,100,600.0,0.0,BU,5700.0,8900.0,False,0.0,11:22:06
38000.0,100,600.0,0.0,BU,5600.0,8900.0,False,100.0,11:17:00
37900.0,100,500.0,0.0,SD,5500.0,8900.0,False,-100.0,11:15:41
38000.0,100,600.0,0.0,BU,5500.0,8800.0,False,0.0,11:08:12
38000.0,100,600.0,0.0,BU,5400.0,8800.0,False,0.0,11:07:07
38000.0,100,600.0,0.0,BU,5300.0,8800.0,False,0.0,11:02:53
38000.0,100,600.0,0.0,BU,5200.0,8800.0,False,0.0,11:01:02
38000.0,100,600.0,0.0,BU,5100.0,8800.0,False,0.0,10:56:00
38000.0,100,600.0,0.0,SD,5000.0,8800.0,False,0.0,10:55:22
38000.0,100,600.0,0.0,SD,5000.0,8700.0,False,0.0,10:54:12
38000.0,100,600.0,0.0,SD,5000.0,8600.0,False,0.0,10:54:00
38000.0,100,600.0,0.0,SD,5000.0,8500.0,False,0.0,10:51:52
38000.0,100,600.0,0.0,SD,5000.0,8400.0,False,0.0,10:51:16
38000.0,100,600.0,0.0,SD,5000.0,8300.0,False,0.0,10:50:37
38000.0,100,600.0,0.0,SD,5000.0,8200.0,False,0.0,10:48:35
38000.0,100,600.0,0.0,BU,5000.0,8100.0,False,100.0,10:47:52
37900.0,100,500.0,0.0,SD,4900.0,8100.0,False,0.0,10:46:59
37900.0,100,500.0,0.0,SD,4900.0,8000.0,False,-100.0,10:46:45
38000.0,300,600.0,0.0,SD,4900.0,7900.0,False,-200.0,10:42:45
38200.0,100,800.0,0.0,BU,4900.0,7600.0,False,200.0,10:41:21
38000.0,100,600.0,0.0,SD,4800.0,7600.0,False,0.0,10:40:40
38000.0,100,600.0,0.0,SD,4800.0,7500.0,False,0.0,10:39:33
38000.0,100,600.0,0.0,SD,4800.0,7400.0,False,0.0,10:37:33
38000.0,200,600.0,0.0,SD,4800.0,7300.0,False,0.0,10:36:51
38000.0,100,600.0,0.0,SD,4800.0,7100.0,False,0.0,10:36:27
38000.0,100,600.0,0.0,SD,4800.0,7000.0,False,0.0,10:36:15
38000.0,100,600.0,0.0,SD,4800.0,6900.0,False,0.0,10:33:38
38000.0,100,600.0,0.0,SD,4800.0,6800.0,False,-200.0,10:33:27
38200.0,100,800.0,0.0,SD,4800.0,6700.0,False,0.0,10:29:26
38200.0,100,800.0,0.0,SD,4800.0,6600.0,False,0.0,10:26:38
38200.0,100,800.0,0.0,SD,4800.0,6500.0,False,0.0,10:24:53
38200.0,100,800.0,0.0,SD,4800.0,6400.0,False,0.0,10:24:34
38200.0,100,800.0,0.0,SD,4800.0,6300.0,False,0.0,10:19:38
38200.0,100,800.0,0.0,SD,4800.0,6200.0,False,-500.0,10:18:08
38700.0,400,1300.0,0.0,BU,4800.0,6100.0,False,0.0,10:16:01
38700.0,800,1300.0,0.0,SD,4400.0,6100.0,False,-300.0,10:13:51
39000.0,100,1600.0,0.0,BU,4400.0,5300.0,False,0.0,10:12:25
39000.0,100,1600.0,0.0,SD,4300.0,5300.0,False,300.0,10:10:41
38700.0,500,1300.0,0.0,SD,4300.0,5200.0,False,0.0,10:10:04
38700.0,100,1300.0,0.0,SD,4300.0,4700.0,False,0.0,10:09:34
38700.0,100,1300.0,0.0,SD,4300.0,4600.0,False,-300.0,10:02:06
39000.0,100,1600.0,0.0,BU,4300.0,4500.0,False,0.0,10:01:48
39000.0,100,1600.0,0.0,BU,4200.0,4500.0,False,-400.0,10:00:28
39400.0,100,2000.0,0.1,BU,4100.0,4500.0,False,1200.0,09:58:35
38200.0,100,800.0,0.0,SD,4000.0,4500.0,False,0.0,09:58:17
38200.0,200,800.0,0.0,SD,4000.0,4400.0,False,200.0,09:57:45
38000.0,300,600.0,0.0,SD,4000.0,4200.0,False,-1500.0,09:52:09
39500.0,800,2100.0,0.1,BU,4000.0,3900.0,False,0.0,09:52:07
39500.0,600,2100.0,0.1,BU,3200.0,3900.0,False,0.0,09:38:33
39500.0,200,2100.0,0.1,SD,2600.0,3900.0,False,-100.0,09:30:47
39600.0,100,2200.0,0.1,BU,2600.0,3700.0,False,0.0,09:30:46
39600.0,100,2200.0,0.1,BU,2500.0,3700.0,False,-300.0,09:29:02
39900.0,700,2500.0,0.1,BU,2400.0,3700.0,False,100.0,09:28:04
39800.0,200,2400.0,0.1,SD,1700.0,3700.0,False,-100.0,09:27:10
39900.0,500,2500.0,0.1,BU,1700.0,3500.0,False,100.0,09:26:40
39800.0,1000,2400.0,0.1,BU,1200.0,3500.0,False,900.0,09:26:15
38900.0,100,1500.0,0.0,BU,200.0,3500.0,False,1300.0,09:24:45
37600.0,100,200.0,0.0,BU,100.0,3500.0,False,100.0,09:21:11
37500.0,200,100.0,0.0,SD,0.0,3500.0,False,0.0,09:15:42
37500.0,200,100.0,0.0,SD,0.0,3300.0,False,0.0,09:15:20
37500.0,100,100.0,0.0,SD,0.0,3100.0,False,600.0,09:14:54
36900.0,3000,-500.0,0.0,SD,0.0,3000.0,False,0.0,09:01:05
