p,v,cp,rcp,a,ba,sa,hl,pcp,t
11750.0,100,750.0,0.1,SD,42300.0,115900.0,False,0.0,13:37:59
11750.0,400,750.0,0.1,SD,42300.0,115800.0,False,0.0,13:27:37
11750.0,100,750.0,0.1,SD,42300.0,115400.0,False,0.0,13:26:01
11750.0,5200,750.0,0.1,SD,42300.0,115300.0,False,0.0,13:26:01
11750.0,100,750.0,0.1,SD,42300.0,110100.0,False,0.0,13:26:01
11750.0,200,750.0,0.1,SD,42300.0,110000.0,False,0.0,13:26:01
11750.0,100,750.0,0.1,SD,42300.0,109800.0,False,0.0,13:26:01
11750.0,3000,750.0,0.1,SD,42300.0,109700.0,False,0.0,13:26:01
11750.0,500,750.0,0.1,SD,42300.0,106700.0,False,0.0,13:26:01
11750.0,200,750.0,0.1,SD,42300.0,106200.0,False,0.0,13:26:01
11750.0,100,750.0,0.1,SD,42300.0,106000.0,False,0.0,13:26:01
11750.0,500,750.0,0.1,SD,42300.0,105900.0,False,0.0,13:26:01
11750.0,1000,750.0,0.1,SD,42300.0,105400.0,False,0.0,13:17:34
11750.0,1000,750.0,0.1,SD,42300.0,104400.0,False,0.0,13:13:35
11750.0,1000,750.0,0.1,SD,42300.0,103400.0,False,0.0,13:10:22
11750.0,100,750.0,0.1,SD,42300.0,102400.0,False,0.0,13:07:38
11750.0,1100,750.0,0.1,SD,42300.0,102300.0,False,0.0,13:06:32
11750.0,900,750.0,0.1,SD,42300.0,101200.0,False,0.0,13:04:15
11750.0,100,750.0,0.1,SD,42300.0,100300.0,False,0.0,13:04:15
11750.0,1300,750.0,0.1,SD,42300.0,100200.0,False,0.0,13:03:15
11750.0,700,750.0,0.1,SD,42300.0,98900.0,False,0.0,13:03:15
11750.0,200,750.0,0.1,SD,42300.0,98200.0,False,0.0,13:03:05
11750.0,100,750.0,0.1,SD,42300.0,98000.0,False,0.0,13:02:45
11750.0,200,750.0,0.1,BU,42300.0,97900.0,False,0.0,13:02:45
11750.0,1000,750.0,0.1,BU,42100.0,97900.0,False,0.0,13:02:35
11750.0,800,750.0,0.1,BU,41100.0,97900.0,False,0.0,13:02:35
11750.0,5000,750.0,0.1,BU,40300.0,97900.0,False,0.0,13:02:13
11750.0,5000,750.0,0.1,BU,35300.0,97900.0,False,0.0,13:01:57
11750.0,4000,750.0,0.1,BU,30300.0,97900.0,False,0.0,13:01:55
11750.0,1000,750.0,0.1,SD,26300.0,97900.0,False,50.0,13:01:47
11700.0,300,700.0,0.1,SD,26300.0,96900.0,False,0.0,13:01:04
11700.0,200,700.0,0.1,BU,26300.0,96600.0,False,0.0,13:00:35
11700.0,200,700.0,0.1,BU,26100.0,96600.0,False,-50.0,13:00:35
11750.0,300,750.0,0.1,BU,25900.0,96600.0,False,50.0,13:00:35
11700.0,300,700.0,0.1,SD,25600.0,96600.0,False,0.0,13:00:15
11700.0,100,700.0,0.1,SD,25600.0,96300.0,False,0.0,13:00:15
11700.0,200,700.0,0.1,SD,25600.0,96200.0,False,0.0,13:00:15
11700.0,100,700.0,0.1,SD,25600.0,96000.0,False,-50.0,13:00:15
11750.0,700,750.0,0.1,SD,25600.0,95900.0,False,0.0,13:00:15
11750.0,4300,750.0,0.1,SD,25600.0,95200.0,False,0.0,13:00:04
11750.0,100,750.0,0.1,SD,25600.0,90900.0,False,50.0,13:00:04
11700.0,200,700.0,0.1,SD,25600.0,90800.0,False,-50.0,13:00:00
11750.0,200,750.0,0.1,SD,25600.0,90600.0,False,0.0,13:00:00
11750.0,100,750.0,0.1,SD,25600.0,90400.0,False,0.0,13:00:00
11750.0,700,750.0,0.1,BU,25600.0,90300.0,False,0.0,11:26:58
11750.0,100,750.0,0.1,BU,24900.0,90300.0,False,0.0,11:26:57
11750.0,1000,750.0,0.1,BU,24800.0,90300.0,False,0.0,11:26:20
11750.0,300,750.0,0.1,BU,23800.0,90300.0,False,0.0,11:25:59
11750.0,300,750.0,0.1,BU,23500.0,90300.0,False,0.0,11:24:32
11750.0,500,750.0,0.1,BU,23200.0,90300.0,False,0.0,11:24:12
11750.0,500,750.0,0.1,BU,22700.0,90300.0,False,0.0,11:23:50
11750.0,300,750.0,0.1,SD,22200.0,90300.0,False,0.0,11:22:27
11750.0,500,750.0,0.1,SD,22200.0,90000.0,False,0.0,11:22:27
11750.0,1000,750.0,0.1,SD,22200.0,89500.0,False,0.0,11:22:27
11750.0,200,750.0,0.1,SD,22200.0,88500.0,False,0.0,11:22:27
11750.0,1000,750.0,0.1,SD,22200.0,88300.0,False,0.0,11:22:27
11750.0,800,750.0,0.1,SD,22200.0,87300.0,False,0.0,11:22:27
11750.0,1000,750.0,0.1,SD,22200.0,86500.0,False,0.0,11:22:27
11750.0,100,750.0,0.1,SD,22200.0,85500.0,False,0.0,11:22:27
11750.0,1700,750.0,0.1,SD,22200.0,85400.0,False,0.0,11:22:27
11750.0,1700,750.0,0.1,SD,22200.0,83700.0,False,0.0,11:17:26
11750.0,100,750.0,0.1,SD,22200.0,82000.0,False,0.0,11:17:26
11750.0,1500,750.0,0.1,SD,22200.0,81900.0,False,0.0,11:17:26
11750.0,200,750.0,0.1,SD,22200.0,80400.0,False,0.0,11:17:26
11750.0,200,750.0,0.1,SD,22200.0,80200.0,False,0.0,11:17:26
11750.0,1600,750.0,0.1,SD,22200.0,80000.0,False,0.0,11:17:26
11750.0,400,750.0,0.1,SD,22200.0,78400.0,False,0.0,11:17:26
11750.0,100,750.0,0.1,SD,22200.0,78000.0,False,0.0,11:02:34
11750.0,100,750.0,0.1,SD,22200.0,77900.0,False,0.0,11:02:34
11750.0,200,750.0,0.1,SD,22200.0,77800.0,False,0.0,11:02:34
11750.0,600,750.0,0.1,SD,22200.0,77600.0,False,0.0,11:02:34
11750.0,1000,750.0,0.1,SD,22200.0,77000.0,False,0.0,11:01:47
11750.0,1400,750.0,0.1,SD,22200.0,76000.0,False,0.0,10:46:46
11750.0,8600,750.0,0.1,SD,22200.0,74600.0,False,0.0,10:46:46
11750.0,1400,750.0,0.1,SD,22200.0,66000.0,False,0.0,10:46:17
11750.0,500,750.0,0.1,SD,22200.0,64600.0,False,0.0,10:46:17
11750.0,1000,750.0,0.1,SD,22200.0,64100.0,False,0.0,10:46:17
11750.0,100,750.0,0.1,SD,22200.0,63100.0,False,0.0,10:46:17
11750.0,100,750.0,0.1,SD,22200.0,63000.0,False,0.0,10:46:17
11750.0,100,750.0,0.1,SD,22200.0,62900.0,False,0.0,10:46:17
11750.0,400,750.0,0.1,SD,22200.0,62800.0,False,0.0,10:46:17
11750.0,2000,750.0,0.1,SD,22200.0,62400.0,False,0.0,10:46:17
11750.0,100,750.0,0.1,SD,22200.0,60400.0,False,0.0,10:46:17
11750.0,500,750.0,0.1,SD,22200.0,60300.0,False,0.0,10:46:17
11750.0,3000,750.0,0.1,SD,22200.0,59800.0,False,0.0,10:46:17
11750.0,100,750.0,0.1,SD,22200.0,56800.0,False,0.0,10:46:17
11750.0,900,750.0,0.1,SD,22200.0,56700.0,False,0.0,10:46:17
11750.0,500,750.0,0.1,SD,22200.0,55800.0,False,0.0,10:44:29
11750.0,500,750.0,0.1,SD,22200.0,55300.0,False,0.0,10:44:15
11750.0,100,750.0,0.1,SD,22200.0,54800.0,False,0.0,10:43:50
11750.0,100,750.0,0.1,SD,22200.0,54700.0,False,0.0,10:42:38
11750.0,100,750.0,0.1,SD,22200.0,54600.0,False,0.0,10:33:36
11750.0,2800,750.0,0.1,SD,22200.0,54500.0,False,0.0,10:32:50
11750.0,300,750.0,0.1,SD,22200.0,51700.0,False,0.0,10:32:50
11750.0,1000,750.0,0.1,SD,22200.0,51400.0,False,0.0,10:32:50
11750.0,100,750.0,0.1,SD,22200.0,50400.0,False,0.0,10:32:50
11750.0,1100,750.0,0.1,SD,22200.0,50300.0,False,0.0,10:32:50
11750.0,400,750.0,0.1,SD,22200.0,49200.0,False,0.0,10:32:50
11750.0,4300,750.0,0.1,SD,22200.0,48800.0,False,0.0,10:32:50
11750.0,3000,750.0,0.1,SD,22200.0,44500.0,False,0.0,10:32:08
11750.0,100,750.0,0.1,SD,22200.0,41500.0,False,0.0,10:25:38
11750.0,300,750.0,0.1,SD,22200.0,41400.0,False,0.0,10:23:18
11750.0,500,750.0,0.1,SD,22200.0,41100.0,False,0.0,10:19:40
11750.0,200,750.0,0.1,SD,22200.0,40600.0,False,0.0,10:18:03
11750.0,1600,750.0,0.1,SD,22200.0,40400.0,False,0.0,10:13:14
11750.0,1000,750.0,0.1,SD,22200.0,38800.0,False,0.0,10:13:14
11750.0,400,750.0,0.1,SD,22200.0,37800.0,False,0.0,10:13:14
11750.0,400,750.0,0.1,SD,22200.0,37400.0,False,0.0,10:11:37
11750.0,100,750.0,0.1,BU,22200.0,37000.0,False,0.0,10:10:32
11750.0,100,750.0,0.1,BU,22100.0,37000.0,False,0.0,10:10:32
11750.0,600,750.0,0.1,SD,22000.0,37000.0,False,0.0,10:08:19
11750.0,4400,750.0,0.1,SD,22000.0,36400.0,False,0.0,10:08:19
11750.0,2000,750.0,0.1,SD,22000.0,32000.0,False,0.0,10:08:19
11750.0,2000,750.0,0.1,SD,22000.0,30000.0,False,0.0,10:08:19
11750.0,100,750.0,0.1,SD,22000.0,28000.0,False,0.0,10:08:19
11750.0,500,750.0,0.1,SD,22000.0,27900.0,False,0.0,10:08:19
11750.0,1100,750.0,0.1,SD,22000.0,27400.0,False,0.0,10:08:19
11750.0,200,750.0,0.1,SD,22000.0,26300.0,False,0.0,10:08:19
11750.0,2500,750.0,0.1,SD,22000.0,26100.0,False,0.0,10:08:19
11750.0,200,750.0,0.1,SD,22000.0,23600.0,False,0.0,10:08:19
11750.0,1000,750.0,0.1,SD,22000.0,23400.0,False,0.0,10:08:19
11750.0,600,750.0,0.1,SD,22000.0,22400.0,False,0.0,10:08:19
11750.0,3500,750.0,0.1,SD,22000.0,21800.0,False,0.0,10:08:19
11750.0,500,750.0,0.1,SD,22000.0,18300.0,False,0.0,10:08:19
11750.0,200,750.0,0.1,SD,22000.0,17800.0,False,0.0,10:08:19
11750.0,1900,750.0,0.1,SD,22000.0,17600.0,False,0.0,10:08:19
11750.0,3200,750.0,0.1,SD,22000.0,15700.0,False,0.0,10:08:19
11750.0,300,750.0,0.1,SD,22000.0,12500.0,False,0.0,10:03:50
11750.0,1500,750.0,0.1,SD,22000.0,12200.0,False,0.0,09:56:18
11750.0,100,750.0,0.1,SD,22000.0,10700.0,False,0.0,09:56:18
11750.0,5000,750.0,0.1,SD,22000.0,10600.0,False,0.0,09:56:18
11750.0,500,750.0,0.1,SD,22000.0,5600.0,False,0.0,09:56:18
11750.0,600,750.0,0.1,SD,22000.0,5100.0,False,0.0,09:56:18
11750.0,300,750.0,0.1,SD,22000.0,4500.0,False,0.0,09:56:18
11750.0,700,750.0,0.1,SD,22000.0,4200.0,False,0.0,09:55:26
11750.0,100,750.0,0.1,SD,22000.0,3500.0,False,0.0,09:53:27
11750.0,1900,750.0,0.1,SD,22000.0,3400.0,False,0.0,09:52:38
11750.0,500,750.0,0.1,BU,22000.0,1500.0,False,0.0,09:52:36
11750.0,300,750.0,0.1,BU,21500.0,1500.0,False,0.0,09:52:36
11750.0,2000,750.0,0.1,BU,21200.0,1500.0,False,0.0,09:52:36
11750.0,200,750.0,0.1,BU,19200.0,1500.0,False,0.0,09:52:36
11750.0,1000,750.0,0.1,BU,19000.0,1500.0,False,0.0,09:52:36
11750.0,5000,750.0,0.1,BU,18000.0,1500.0,False,0.0,09:52:36
11750.0,1000,750.0,0.1,BU,13000.0,1500.0,False,0.0,09:52:36
11750.0,1000,750.0,0.1,BU,12000.0,1500.0,False,0.0,09:52:26
11750.0,1000,750.0,0.1,BU,11000.0,1500.0,False,0.0,09:52:26
11750.0,1500,750.0,0.1,BU,10000.0,1500.0,False,0.0,09:52:26
11750.0,500,750.0,0.1,BU,8500.0,1500.0,False,50.0,09:52:26
11700.0,200,700.0,0.1,SD,8000.0,1500.0,False,0.0,09:52:20
11700.0,100,700.0,0.1,SD,8000.0,1300.0,False,0.0,09:52:20
11700.0,500,700.0,0.1,SD,8000.0,1200.0,False,100.0,09:51:56
11600.0,200,600.0,0.1,SD,8000.0,700.0,False,-50.0,09:51:43
11650.0,300,650.0,0.1,BU,8000.0,500.0,False,50.0,09:51:21
11600.0,1000,600.0,0.1,BU,7700.0,500.0,False,0.0,09:51:21
11600.0,500,600.0,0.1,BU,6700.0,500.0,False,0.0,09:51:21
11600.0,500,600.0,0.1,BU,6200.0,500.0,False,0.0,09:51:21
11600.0,200,600.0,0.1,BU,5700.0,500.0,False,0.0,09:51:21
11600.0,300,600.0,0.1,BU,5500.0,500.0,False,150.0,09:51:21
11450.0,100,450.0,0.0,BU,5200.0,500.0,False,-50.0,09:51:21
11500.0,200,500.0,0.0,BU,5100.0,500.0,False,0.0,09:51:14
11500.0,700,500.0,0.0,BU,4900.0,500.0,False,0.0,09:51:08
11500.0,100,500.0,0.0,BU,4200.0,500.0,False,0.0,09:51:06
11500.0,100,500.0,0.0,BU,4100.0,500.0,False,0.0,09:51:06
11500.0,100,500.0,0.0,BU,4000.0,500.0,False,0.0,09:51:06
11500.0,200,500.0,0.0,BU,3900.0,500.0,False,0.0,09:50:55
11500.0,200,500.0,0.0,BU,3700.0,500.0,False,0.0,09:50:45
11500.0,300,500.0,0.0,BU,3500.0,500.0,False,0.0,09:50:38
11500.0,200,500.0,0.0,BU,3200.0,500.0,False,0.0,09:50:28
11500.0,900,500.0,0.0,BU,3000.0,500.0,False,50.0,09:49:35
11450.0,100,450.0,0.0,BU,2100.0,500.0,False,-50.0,09:49:11
11500.0,200,500.0,0.0,BU,2000.0,500.0,False,0.0,09:46:39
11500.0,200,500.0,0.0,BU,1800.0,500.0,False,0.0,09:46:39
11500.0,600,500.0,0.0,BU,1600.0,500.0,False,50.0,09:46:39
11450.0,100,450.0,0.0,BU,1000.0,500.0,False,150.0,09:36:59
11300.0,100,300.0,0.0,BU,900.0,500.0,False,-150.0,09:30:34
11450.0,300,450.0,0.0,BU,800.0,500.0,False,-50.0,09:28:03
11500.0,100,500.0,0.0,BU,500.0,500.0,False,-100.0,09:20:30
11600.0,100,600.0,0.1,BU,400.0,500.0,False,200.0,09:17:06
11400.0,300,400.0,0.0,BU,300.0,500.0,False,400.0,09:16:27
11000.0,500,0.0,0.0,SD,0.0,500.0,False,0.0,09:16:13
11000.0,1500,0.0,0.0,,0.0,0.0,False,0.0,09:15:01
