p,v,cp,rcp,a,ba,sa,hl,pcp,t
6480.0,5200,10.0,0.0,,33200.0,44300.0,False,40.0,14:45:00
6440.0,1000,-30.0,0.0,BU,33200.0,44300.0,False,0.0,14:29:39
6440.0,500,-30.0,0.0,BU,32200.0,44300.0,False,-10.0,14:29:39
6450.0,2300,-20.0,0.0,BU,31700.0,44300.0,False,0.0,14:28:21
6450.0,700,-20.0,0.0,BU,29400.0,44300.0,False,0.0,14:28:21
6450.0,2000,-20.0,0.0,SD,28700.0,44300.0,False,0.0,14:23:48
6450.0,100,-20.0,0.0,SD,28700.0,42300.0,False,-10.0,14:23:48
6460.0,500,-10.0,0.0,SD,28700.0,42200.0,False,10.0,14:23:48
6450.0,100,-20.0,0.0,SD,28700.0,41700.0,False,0.0,14:20:09
6450.0,1300,-20.0,0.0,BU,28700.0,41600.0,False,0.0,14:19:07
6450.0,700,-20.0,0.0,BU,27400.0,41600.0,False,-10.0,14:18:55
6460.0,500,-10.0,0.0,BU,26700.0,41600.0,False,0.0,14:18:08
6460.0,500,-10.0,0.0,BU,26200.0,41600.0,False,60.0,14:18:08
6400.0,1000,-70.0,0.0,SD,25700.0,41600.0,False,0.0,14:06:12
6400.0,1000,-70.0,0.0,SD,25700.0,40600.0,False,0.0,14:04:46
6400.0,1000,-70.0,0.0,SD,25700.0,39600.0,False,-50.0,14:04:46
6450.0,1000,-20.0,0.0,BU,25700.0,38600.0,False,0.0,14:01:28
6450.0,900,-20.0,0.0,SD,24700.0,38600.0,False,-10.0,14:00:59
6460.0,1000,-10.0,0.0,BU,24700.0,37700.0,False,60.0,13:58:09
6400.0,200,-70.0,0.0,BU,23700.0,37700.0,False,10.0,13:52:02
6390.0,100,-80.0,0.0,BU,23500.0,37700.0,False,0.0,13:38:55
6390.0,100,-80.0,0.0,BU,23400.0,37700.0,False,0.0,13:30:51
6390.0,100,-80.0,0.0,BU,23300.0,37700.0,False,10.0,13:30:40
6380.0,100,-90.0,0.0,SD,23200.0,37700.0,False,0.0,13:26:45
6380.0,3000,-90.0,0.0,SD,23200.0,37600.0,False,0.0,13:26:45
6380.0,100,-90.0,0.0,SD,23200.0,34600.0,False,0.0,13:26:45
6380.0,2000,-90.0,0.0,SD,23200.0,34500.0,False,0.0,13:26:45
6380.0,100,-90.0,0.0,SD,23200.0,32500.0,False,0.0,13:26:45
6380.0,1500,-90.0,0.0,SD,23200.0,32400.0,False,0.0,13:26:45
6380.0,100,-90.0,0.0,SD,23200.0,30900.0,False,0.0,13:26:45
6380.0,100,-90.0,0.0,SD,23200.0,30800.0,False,0.0,13:26:45
6380.0,200,-90.0,0.0,SD,23200.0,30700.0,False,0.0,13:22:16
6380.0,100,-90.0,0.0,SD,23200.0,30500.0,False,-10.0,13:21:17
6390.0,1000,-80.0,0.0,BU,23200.0,30400.0,False,0.0,13:20:55
6390.0,100,-80.0,0.0,BU,22200.0,30400.0,False,0.0,13:20:44
6390.0,800,-80.0,0.0,BU,22100.0,30400.0,False,0.0,13:20:04
6390.0,500,-80.0,0.0,BU,21300.0,30400.0,False,0.0,13:18:59
6390.0,5000,-80.0,0.0,BU,20800.0,30400.0,False,0.0,13:18:04
6390.0,500,-80.0,0.0,SD,15800.0,30400.0,False,0.0,13:17:01
6390.0,100,-80.0,0.0,SD,15800.0,29900.0,False,-10.0,13:17:01
6400.0,100,-70.0,0.0,SD,15800.0,29800.0,False,0.0,13:16:28
6400.0,1900,-70.0,0.0,SD,15800.0,29700.0,False,-10.0,13:16:28
6410.0,100,-60.0,0.0,SD,15800.0,27800.0,False,10.0,13:10:46
6400.0,100,-70.0,0.0,SD,15800.0,27700.0,False,0.0,13:00:08
6400.0,1400,-70.0,0.0,BU,15800.0,27600.0,False,0.0,11:23:44
6400.0,100,-70.0,0.0,SD,14400.0,27600.0,False,0.0,11:23:29
6400.0,500,-70.0,0.0,SD,14400.0,27500.0,False,0.0,11:23:29
6400.0,500,-70.0,0.0,SD,14400.0,27000.0,False,0.0,11:19:47
6400.0,500,-70.0,0.0,SD,14400.0,26500.0,False,0.0,11:19:47
6400.0,1000,-70.0,0.0,SD,14400.0,26000.0,False,0.0,11:19:31
6400.0,100,-70.0,0.0,SD,14400.0,25000.0,False,0.0,11:19:31
6400.0,500,-70.0,0.0,SD,14400.0,24900.0,False,-10.0,11:19:31
6410.0,400,-60.0,0.0,SD,14400.0,24400.0,False,-10.0,11:18:09
6420.0,400,-50.0,0.0,BU,14400.0,24000.0,False,20.0,11:05:02
6400.0,100,-70.0,0.0,SD,14000.0,24000.0,False,20.0,10:52:32
6380.0,100,-90.0,0.0,SD,14000.0,23900.0,False,0.0,10:44:08
6380.0,900,-90.0,0.0,SD,14000.0,23800.0,False,0.0,10:44:08
6380.0,100,-90.0,0.0,SD,14000.0,22900.0,False,20.0,10:39:15
6360.0,200,-110.0,0.0,BU,14000.0,22800.0,False,0.0,10:30:18
6360.0,1000,-110.0,0.0,BU,13800.0,22800.0,False,0.0,10:30:18
6360.0,200,-110.0,0.0,BU,12800.0,22800.0,False,0.0,10:25:57
6360.0,100,-110.0,0.0,BU,12600.0,22800.0,False,0.0,10:22:45
6360.0,100,-110.0,0.0,BU,12500.0,22800.0,False,0.0,10:22:28
6360.0,400,-110.0,0.0,BU,12400.0,22800.0,False,10.0,10:22:17
6350.0,100,-120.0,0.0,SD,12000.0,22800.0,False,0.0,10:20:15
6350.0,500,-120.0,0.0,SD,12000.0,22700.0,False,-10.0,10:20:15
6360.0,100,-110.0,0.0,BU,12000.0,22200.0,False,0.0,10:19:34
6360.0,100,-110.0,0.0,BU,11900.0,22200.0,False,0.0,10:19:24
6360.0,100,-110.0,0.0,SD,11800.0,22200.0,False,-110.0,10:19:06
6470.0,100,0.0,0.0,SD,11800.0,22100.0,False,-10.0,10:16:18
6480.0,200,10.0,0.0,BU,11800.0,22000.0,False,0.0,10:03:41
6480.0,100,10.0,0.0,BU,11600.0,22000.0,False,10.0,10:03:11
6470.0,1900,0.0,0.0,BU,11500.0,22000.0,False,-10.0,09:59:18
6480.0,100,10.0,0.0,BU,9600.0,22000.0,False,180.0,09:59:18
6300.0,700,-170.0,0.0,SD,9500.0,22000.0,False,0.0,09:55:45
6300.0,1000,-170.0,0.0,SD,9500.0,21300.0,False,0.0,09:55:45
6300.0,100,-170.0,0.0,SD,9500.0,20300.0,False,-10.0,09:55:45
6310.0,100,-160.0,0.0,SD,9500.0,20200.0,False,0.0,09:55:45
6310.0,100,-160.0,0.0,SD,9500.0,20100.0,False,0.0,09:55:45
6310.0,200,-160.0,0.0,SD,9500.0,20000.0,False,-40.0,09:55:30
6350.0,100,-120.0,0.0,SD,9500.0,19800.0,False,0.0,09:55:17
6350.0,100,-120.0,0.0,SD,9500.0,19700.0,False,0.0,09:55:17
6350.0,100,-120.0,0.0,SD,9500.0,19600.0,False,-50.0,09:55:17
6400.0,100,-70.0,0.0,SD,9500.0,19500.0,False,0.0,09:55:06
6400.0,500,-70.0,0.0,SD,9500.0,19400.0,False,0.0,09:55:06
6400.0,100,-70.0,0.0,SD,9500.0,18900.0,False,-10.0,09:55:06
6410.0,500,-60.0,0.0,SD,9500.0,18800.0,False,0.0,09:54:55
6410.0,500,-60.0,0.0,SD,9500.0,18300.0,False,-40.0,09:54:55
6450.0,500,-20.0,0.0,SD,9500.0,17800.0,False,-30.0,09:54:27
6480.0,100,10.0,0.0,SD,9500.0,17300.0,False,0.0,09:52:56
6480.0,100,10.0,0.0,SD,9500.0,17200.0,False,0.0,09:52:56
6480.0,200,10.0,0.0,SD,9500.0,17100.0,False,-20.0,09:52:56
6500.0,100,30.0,0.0,SD,9500.0,16900.0,False,0.0,09:52:44
6500.0,1600,30.0,0.0,SD,9500.0,16800.0,False,0.0,09:52:44
6500.0,3400,30.0,0.0,SD,9500.0,15200.0,False,0.0,09:49:25
6500.0,600,30.0,0.0,SD,9500.0,11800.0,False,0.0,09:49:25
6500.0,3000,30.0,0.0,SD,9500.0,11200.0,False,0.0,09:48:05
6500.0,400,30.0,0.0,SD,9500.0,8200.0,False,0.0,09:45:23
6500.0,100,30.0,0.0,SD,9500.0,7800.0,False,0.0,09:45:23
6500.0,1000,30.0,0.0,SD,9500.0,7700.0,False,0.0,09:41:57
6500.0,200,30.0,0.0,SD,9500.0,6700.0,False,0.0,09:41:57
6500.0,100,30.0,0.0,SD,9500.0,6500.0,False,-10.0,09:41:57
6510.0,100,40.0,0.0,SD,9500.0,6400.0,False,0.0,09:41:57
6510.0,1600,40.0,0.0,SD,9500.0,6300.0,False,0.0,09:41:57
6510.0,1000,40.0,0.0,SD,9500.0,4700.0,False,10.0,09:41:46
6500.0,200,30.0,0.0,BU,9500.0,3700.0,False,0.0,09:30:28
6500.0,1700,30.0,0.0,BU,9300.0,3700.0,False,0.0,09:30:28
6500.0,100,30.0,0.0,BU,7600.0,3700.0,False,0.0,09:28:45
6500.0,500,30.0,0.0,BU,7500.0,3700.0,False,0.0,09:28:31
6500.0,500,30.0,0.0,BU,7000.0,3700.0,False,0.0,09:28:20
6500.0,300,30.0,0.0,BU,6500.0,3700.0,False,0.0,09:26:44
6500.0,2700,30.0,0.0,BU,6200.0,3700.0,False,0.0,09:26:44
6500.0,500,30.0,0.0,BU,3500.0,3700.0,False,10.0,09:26:16
6490.0,400,20.0,0.0,BU,3000.0,3700.0,False,0.0,09:26:13
6490.0,500,20.0,0.0,BU,2600.0,3700.0,False,0.0,09:26:08
6490.0,100,20.0,0.0,BU,2100.0,3700.0,False,10.0,09:23:21
6480.0,300,10.0,0.0,BU,2000.0,3700.0,False,0.0,09:22:20
6480.0,200,10.0,0.0,BU,1700.0,3700.0,False,0.0,09:20:40
6480.0,200,10.0,0.0,BU,1500.0,3700.0,False,80.0,09:19:03
6400.0,1000,-70.0,0.0,BU,1300.0,3700.0,False,0.0,09:18:31
6400.0,200,-70.0,0.0,SD,300.0,3700.0,False,0.0,09:18:14
6400.0,500,-70.0,0.0,SD,300.0,3500.0,False,0.0,09:18:14
6400.0,500,-70.0,0.0,SD,300.0,3000.0,False,0.0,09:18:04
6400.0,100,-70.0,0.0,SD,300.0,2500.0,False,0.0,09:18:04
6400.0,900,-70.0,0.0,SD,300.0,2400.0,False,0.0,09:18:04
6400.0,500,-70.0,0.0,SD,300.0,1500.0,False,0.0,09:18:04
6400.0,1000,-70.0,0.0,SD,300.0,1000.0,False,-70.0,09:18:04
6470.0,200,0.0,0.0,BU,300.0,0.0,False,-20.0,09:17:22
6490.0,100,20.0,0.0,BU,100.0,0.0,False,-10.0,09:16:54
6500.0,11000,30.0,0.0,,0.0,0.0,False,0.0,09:15:00
