p,v,cp,rcp,a,ba,sa,hl,pcp,t
6000.0,5400,10.0,0.0,,51600.0,130500.0,False,30.0,14:45:02
5970.0,100,-20.0,0.0,SD,51600.0,130500.0,False,0.0,14:28:48
5970.0,700,-20.0,0.0,SD,51600.0,130400.0,False,0.0,14:26:58
5970.0,800,-20.0,0.0,SD,51600.0,129700.0,False,0.0,14:26:17
5970.0,300,-20.0,0.0,SD,51600.0,128900.0,False,0.0,14:26:17
5970.0,1000,-20.0,0.0,SD,51600.0,128600.0,False,0.0,14:26:17
5970.0,200,-20.0,0.0,SD,51600.0,127600.0,False,0.0,14:26:17
5970.0,200,-20.0,0.0,SD,51600.0,127400.0,False,0.0,14:26:17
5970.0,4000,-20.0,0.0,SD,51600.0,127200.0,False,0.0,14:26:03
5970.0,300,-20.0,0.0,BU,51600.0,123200.0,False,0.0,14:21:31
5970.0,800,-20.0,0.0,BU,51300.0,123200.0,False,0.0,14:21:31
5970.0,1000,-20.0,0.0,BU,50500.0,123200.0,False,0.0,14:20:28
5970.0,1500,-20.0,0.0,BU,49500.0,123200.0,False,0.0,14:20:09
5970.0,100,-20.0,0.0,BU,48000.0,123200.0,False,0.0,14:20:06
5970.0,2200,-20.0,0.0,BU,47900.0,123200.0,False,40.0,14:19:43
5930.0,200,-60.0,0.0,BU,45700.0,123200.0,False,0.0,14:17:52
5930.0,500,-60.0,0.0,BU,45500.0,123200.0,False,0.0,14:17:33
5930.0,100,-60.0,0.0,BU,45000.0,123200.0,False,0.0,14:17:04
5930.0,100,-60.0,0.0,BU,44900.0,123200.0,False,0.0,14:16:46
5930.0,1000,-60.0,0.0,BU,44800.0,123200.0,False,0.0,14:16:31
5930.0,200,-60.0,0.0,BU,43800.0,123200.0,False,10.0,14:16:18
5920.0,100,-70.0,0.0,SD,43600.0,123200.0,False,-20.0,14:15:26
5940.0,400,-50.0,0.0,SD,43600.0,123100.0,False,10.0,14:15:25
5930.0,200,-60.0,0.0,SD,43600.0,122700.0,False,0.0,14:15:25
5930.0,1000,-60.0,0.0,SD,43600.0,122500.0,False,-10.0,14:15:25
5940.0,1000,-50.0,0.0,SD,43600.0,121500.0,False,0.0,14:15:25
5940.0,300,-50.0,0.0,SD,43600.0,120500.0,False,0.0,14:15:25
5940.0,100,-50.0,0.0,SD,43600.0,120200.0,False,0.0,14:15:25
5940.0,3000,-50.0,0.0,SD,43600.0,120100.0,False,0.0,14:15:25
5940.0,1400,-50.0,0.0,SD,43600.0,117100.0,False,-10.0,14:15:25
5950.0,200,-40.0,0.0,SD,43600.0,115700.0,False,0.0,14:15:25
5950.0,300,-40.0,0.0,SD,43600.0,115500.0,False,-20.0,14:15:25
5970.0,400,-20.0,0.0,BU,43600.0,115200.0,False,30.0,14:13:29
5940.0,500,-50.0,0.0,SD,43200.0,115200.0,False,0.0,14:12:22
5940.0,300,-50.0,0.0,SD,43200.0,114700.0,False,0.0,14:05:12
5940.0,100,-50.0,0.0,SD,43200.0,114400.0,False,0.0,14:04:14
5940.0,100,-50.0,0.0,SD,43200.0,114300.0,False,0.0,14:04:12
5940.0,1000,-50.0,0.0,SD,43200.0,114200.0,False,0.0,14:03:46
5940.0,1600,-50.0,0.0,SD,43200.0,113200.0,False,0.0,13:57:42
5940.0,1700,-50.0,0.0,BU,43200.0,111600.0,False,0.0,13:57:29
5940.0,200,-50.0,0.0,BU,41500.0,111600.0,False,0.0,13:56:47
5940.0,400,-50.0,0.0,BU,41300.0,111600.0,False,0.0,13:56:31
5940.0,100,-50.0,0.0,BU,40900.0,111600.0,False,0.0,13:54:31
5940.0,500,-50.0,0.0,BU,40800.0,111600.0,False,0.0,13:52:46
5940.0,700,-50.0,0.0,BU,40300.0,111600.0,False,10.0,13:49:45
5930.0,4000,-60.0,0.0,SD,39600.0,111600.0,False,-10.0,13:49:34
5940.0,200,-50.0,0.0,BU,39600.0,107600.0,False,0.0,13:49:17
5940.0,4200,-50.0,0.0,SD,39400.0,107600.0,False,0.0,13:49:16
5940.0,400,-50.0,0.0,SD,39400.0,103400.0,False,-10.0,13:49:16
5950.0,5000,-40.0,0.0,SD,39400.0,103000.0,False,10.0,13:48:54
5940.0,700,-50.0,0.0,SD,39400.0,98000.0,False,0.0,13:45:43
5940.0,500,-50.0,0.0,SD,39400.0,97300.0,False,0.0,13:45:43
5940.0,100,-50.0,0.0,SD,39400.0,96800.0,False,-10.0,13:45:43
5950.0,6400,-40.0,0.0,SD,39400.0,96700.0,False,-10.0,13:43:37
5960.0,4000,-30.0,0.0,BU,39400.0,90300.0,False,0.0,13:43:27
5960.0,1300,-30.0,0.0,BU,35400.0,90300.0,False,-10.0,13:43:27
5970.0,100,-20.0,0.0,BU,34100.0,90300.0,False,0.0,13:41:02
5970.0,100,-20.0,0.0,BU,34000.0,90300.0,False,0.0,13:40:24
5970.0,1000,-20.0,0.0,BU,33900.0,90300.0,False,0.0,13:39:15
5970.0,2000,-20.0,0.0,BU,32900.0,90300.0,False,10.0,13:38:38
5960.0,100,-30.0,0.0,BU,30900.0,90300.0,False,0.0,13:37:07
5960.0,100,-30.0,0.0,BU,30800.0,90300.0,False,0.0,13:37:07
5960.0,200,-30.0,0.0,BU,30700.0,90300.0,False,0.0,13:37:07
5960.0,1700,-30.0,0.0,BU,30500.0,90300.0,False,0.0,13:37:07
5960.0,100,-30.0,0.0,BU,28800.0,90300.0,False,20.0,13:36:17
5940.0,100,-50.0,0.0,SD,28700.0,90300.0,False,20.0,13:24:13
5920.0,100,-70.0,0.0,SD,28700.0,90200.0,False,-10.0,13:16:07
5930.0,1000,-60.0,0.0,BU,28700.0,90100.0,False,0.0,13:15:48
5930.0,1000,-60.0,0.0,BU,27700.0,90100.0,False,0.0,13:15:48
5930.0,300,-60.0,0.0,BU,26700.0,90100.0,False,0.0,13:15:48
5930.0,100,-60.0,0.0,BU,26400.0,90100.0,False,-10.0,13:15:48
5940.0,1000,-50.0,0.0,SD,26300.0,90100.0,False,0.0,13:15:39
5940.0,2000,-50.0,0.0,SD,26300.0,89100.0,False,0.0,13:15:39
5940.0,3000,-50.0,0.0,SD,26300.0,87100.0,False,0.0,13:15:39
5940.0,2000,-50.0,0.0,SD,26300.0,84100.0,False,-10.0,13:15:10
5950.0,200,-40.0,0.0,BU,26300.0,82100.0,False,0.0,13:15:10
5950.0,100,-40.0,0.0,SD,26100.0,82100.0,False,0.0,13:15:10
5950.0,7500,-40.0,0.0,BU,26100.0,82000.0,False,0.0,13:09:08
5950.0,1900,-40.0,0.0,BU,18600.0,82000.0,False,-10.0,13:09:08
5960.0,200,-30.0,0.0,BU,16700.0,82000.0,False,0.0,13:08:05
5960.0,300,-30.0,0.0,BU,16500.0,82000.0,False,10.0,13:08:05
5950.0,600,-40.0,0.0,SD,16200.0,82000.0,False,0.0,13:05:16
5950.0,400,-40.0,0.0,SD,16200.0,81400.0,False,0.0,13:05:16
5950.0,400,-40.0,0.0,SD,16200.0,81000.0,False,0.0,13:05:05
5950.0,1000,-40.0,0.0,SD,16200.0,80600.0,False,0.0,13:02:38
5950.0,600,-40.0,0.0,SD,16200.0,79600.0,False,0.0,13:00:22
5950.0,100,-40.0,0.0,SD,16200.0,79000.0,False,-20.0,13:00:04
5970.0,500,-20.0,0.0,BU,16200.0,78900.0,False,20.0,13:00:01
5950.0,500,-40.0,0.0,SD,15700.0,78900.0,False,10.0,13:00:01
5940.0,600,-50.0,0.0,SD,15700.0,78400.0,False,0.0,11:27:29
5940.0,2000,-50.0,0.0,SD,15700.0,77800.0,False,0.0,11:25:43
5940.0,200,-50.0,0.0,SD,15700.0,75800.0,False,0.0,11:22:25
5940.0,300,-50.0,0.0,SD,15700.0,75600.0,False,0.0,11:22:25
5940.0,500,-50.0,0.0,SD,15700.0,75300.0,False,0.0,11:22:25
5940.0,800,-50.0,0.0,SD,15700.0,74800.0,False,0.0,11:16:49
5940.0,100,-50.0,0.0,SD,15700.0,74000.0,False,0.0,11:16:49
5940.0,100,-50.0,0.0,SD,15700.0,73900.0,False,0.0,11:16:49
5940.0,200,-50.0,0.0,SD,15700.0,73800.0,False,0.0,11:08:52
5940.0,200,-50.0,0.0,SD,15700.0,73600.0,False,-10.0,10:58:52
5950.0,100,-40.0,0.0,BU,15700.0,73400.0,False,10.0,10:55:30
5940.0,2200,-50.0,0.0,SD,15600.0,73400.0,False,0.0,10:54:36
5940.0,1300,-50.0,0.0,BU,15600.0,71200.0,False,10.0,10:54:02
5930.0,100,-60.0,0.0,SD,14300.0,71200.0,False,0.0,10:46:13
5930.0,100,-60.0,0.0,SD,14300.0,71100.0,False,0.0,10:45:55
5930.0,900,-60.0,0.0,SD,14300.0,71000.0,False,0.0,10:45:55
5930.0,20000,-60.0,0.0,SD,14300.0,70100.0,False,0.0,10:41:55
5930.0,31100,-60.0,0.0,SD,14300.0,50100.0,False,0.0,10:40:38
5930.0,300,-60.0,0.0,SD,14300.0,19000.0,False,0.0,10:40:38
5930.0,100,-60.0,0.0,SD,14300.0,18700.0,False,0.0,10:40:38
5930.0,2000,-60.0,0.0,SD,14300.0,18600.0,False,0.0,10:40:38
5930.0,400,-60.0,0.0,SD,14300.0,16600.0,False,-10.0,10:40:38
5940.0,100,-50.0,0.0,SD,14300.0,16200.0,False,0.0,10:39:06
5940.0,5000,-50.0,0.0,SD,14300.0,16100.0,False,-10.0,10:39:06
5950.0,100,-40.0,0.0,BU,14300.0,11100.0,False,0.0,10:38:44
5950.0,300,-40.0,0.0,BU,14200.0,11100.0,False,0.0,10:38:44
5950.0,300,-40.0,0.0,BU,13900.0,11100.0,False,0.0,10:38:44
5950.0,200,-40.0,0.0,SD,13600.0,11100.0,False,0.0,10:38:29
5950.0,300,-40.0,0.0,SD,13600.0,10900.0,False,0.0,10:38:29
5950.0,500,-40.0,0.0,SD,13600.0,10600.0,False,0.0,10:36:58
5950.0,800,-40.0,0.0,SD,13600.0,10100.0,False,-20.0,10:36:17
5970.0,700,-20.0,0.0,BU,13600.0,9300.0,False,20.0,10:35:13
5950.0,400,-40.0,0.0,SD,12900.0,9300.0,False,-20.0,10:32:19
5970.0,100,-20.0,0.0,BU,12900.0,8900.0,False,0.0,10:29:04
5970.0,2000,-20.0,0.0,BU,12800.0,8900.0,False,0.0,10:27:25
5970.0,200,-20.0,0.0,BU,10800.0,8900.0,False,0.0,10:27:07
5970.0,2000,-20.0,0.0,BU,10600.0,8900.0,False,0.0,10:27:07
5970.0,300,-20.0,0.0,BU,8600.0,8900.0,False,0.0,10:27:07
5970.0,200,-20.0,0.0,SD,8300.0,8900.0,False,0.0,10:23:53
5970.0,100,-20.0,0.0,BU,8300.0,8700.0,False,-100.0,10:23:03
6070.0,200,80.0,0.0,BU,8200.0,8700.0,False,70.0,10:20:46
6000.0,200,10.0,0.0,BU,8000.0,8700.0,False,30.0,10:20:46
5970.0,900,-20.0,0.0,SD,7800.0,8700.0,False,-20.0,10:18:53
5990.0,100,0.0,0.0,BU,7800.0,7800.0,False,0.0,10:18:28
5990.0,100,0.0,0.0,BU,7700.0,7800.0,False,-10.0,10:18:28
6000.0,100,10.0,0.0,BU,7600.0,7800.0,False,10.0,10:11:48
5990.0,500,0.0,0.0,BU,7500.0,7800.0,False,-10.0,10:11:48
6000.0,900,10.0,0.0,BU,7000.0,7800.0,False,0.0,10:11:48
6000.0,500,10.0,0.0,BU,6100.0,7800.0,False,0.0,10:11:48
6000.0,1000,10.0,0.0,BU,5600.0,7800.0,False,0.0,10:08:34
6000.0,100,10.0,0.0,BU,4600.0,7800.0,False,0.0,10:08:34
6000.0,500,10.0,0.0,BU,4500.0,7800.0,False,-80.0,10:07:34
6080.0,300,90.0,0.0,BU,4000.0,7800.0,False,0.0,10:07:02
6080.0,2700,90.0,0.0,BU,3700.0,7800.0,False,0.0,10:05:55
6080.0,300,90.0,0.0,BU,1000.0,7800.0,False,80.0,10:05:55
6000.0,100,10.0,0.0,BU,700.0,7800.0,False,70.0,10:05:23
5930.0,600,-60.0,0.0,SD,600.0,7800.0,False,0.0,10:02:46
5930.0,1000,-60.0,0.0,SD,600.0,7200.0,False,-10.0,10:02:46
5940.0,100,-50.0,0.0,SD,600.0,6200.0,False,10.0,10:02:46
5930.0,400,-60.0,0.0,SD,600.0,6100.0,False,0.0,09:52:26
5930.0,1000,-60.0,0.0,SD,600.0,5700.0,False,0.0,09:52:26
5930.0,200,-60.0,0.0,SD,600.0,4700.0,False,0.0,09:52:26
5930.0,800,-60.0,0.0,SD,600.0,4500.0,False,0.0,09:48:56
5930.0,1900,-60.0,0.0,SD,600.0,3700.0,False,0.0,09:48:56
5930.0,100,-60.0,0.0,SD,600.0,1800.0,False,0.0,09:47:12
5930.0,100,-60.0,0.0,SD,600.0,1700.0,False,0.0,09:41:25
5930.0,100,-60.0,0.0,SD,600.0,1600.0,False,-10.0,09:41:25
5940.0,100,-50.0,0.0,SD,600.0,1500.0,False,-10.0,09:41:25
5950.0,200,-40.0,0.0,SD,600.0,1400.0,False,40.0,09:41:25
5910.0,200,-80.0,0.0,SD,600.0,1200.0,False,-40.0,09:22:13
5950.0,100,-40.0,0.0,BU,600.0,1000.0,False,0.0,09:22:13
5950.0,100,-40.0,0.0,BU,500.0,1000.0,False,0.0,09:22:08
5950.0,1000,-40.0,0.0,SD,400.0,1000.0,False,-180.0,09:17:49
6130.0,400,140.0,0.0,BU,400.0,0.0,False,-40.0,09:15:22
6170.0,5500,180.0,0.0,,0.0,0.0,False,0.0,09:15:01
