p,v,cp,rcp,a,ba,sa,hl,pcp,t
8000.0,119900,10.0,0.0,,236500.0,104700.0,False,0.0,14:45:01
8000.0,14700,10.0,0.0,BU,236500.0,104700.0,False,0.0,14:29:54
8000.0,500,10.0,0.0,BU,221800.0,104700.0,False,0.0,14:29:54
8000.0,5000,10.0,0.0,BU,221300.0,104700.0,False,0.0,14:29:54
8000.0,100,10.0,0.0,BU,216300.0,104700.0,False,0.0,14:29:54
8000.0,100,10.0,0.0,BU,216200.0,104700.0,False,0.0,14:29:54
8000.0,1000,10.0,0.0,BU,216100.0,104700.0,False,0.0,14:29:54
8000.0,200,10.0,0.0,BU,215100.0,104700.0,False,0.0,14:29:54
8000.0,100,10.0,0.0,BU,214900.0,104700.0,False,10.0,14:29:54
7990.0,400,0.0,0.0,BU,214800.0,104700.0,False,0.0,14:29:54
7990.0,2700,0.0,0.0,BU,214400.0,104700.0,False,0.0,14:29:54
7990.0,2000,0.0,0.0,BU,211700.0,104700.0,False,0.0,14:29:54
7990.0,100,0.0,0.0,BU,209700.0,104700.0,False,0.0,14:29:54
7990.0,2600,0.0,0.0,BU,209600.0,104700.0,False,0.0,14:29:54
7990.0,500,0.0,0.0,BU,207000.0,104700.0,False,0.0,14:29:54
7990.0,500,0.0,0.0,BU,206500.0,104700.0,False,0.0,14:29:54
7990.0,7000,0.0,0.0,BU,206000.0,104700.0,False,0.0,14:29:54
7990.0,200,0.0,0.0,BU,199000.0,104700.0,False,0.0,14:29:54
7990.0,2300,0.0,0.0,BU,198800.0,104700.0,False,0.0,14:29:54
7990.0,700,0.0,0.0,BU,196500.0,104700.0,False,10.0,14:29:20
7980.0,200,-10.0,0.0,BU,195800.0,104700.0,False,0.0,14:29:20
7980.0,200,-10.0,0.0,BU,195600.0,104700.0,False,0.0,14:29:20
7980.0,500,-10.0,0.0,BU,195400.0,104700.0,False,0.0,14:29:20
7980.0,400,-10.0,0.0,BU,194900.0,104700.0,False,10.0,14:29:20
7970.0,100,-20.0,0.0,BU,194500.0,104700.0,False,-10.0,14:28:55
7980.0,100,-10.0,0.0,BU,194400.0,104700.0,False,10.0,14:28:55
7970.0,100,-20.0,0.0,BU,194300.0,104700.0,False,0.0,14:28:55
7970.0,100,-20.0,0.0,BU,194200.0,104700.0,False,0.0,14:28:55
7970.0,500,-20.0,0.0,BU,194100.0,104700.0,False,-10.0,14:28:55
7980.0,3200,-10.0,0.0,BU,193600.0,104700.0,False,0.0,14:28:55
7980.0,500,-10.0,0.0,BU,190400.0,104700.0,False,10.0,14:28:55
7970.0,15000,-20.0,0.0,BU,189900.0,104700.0,False,0.0,14:28:55
7970.0,3800,-20.0,0.0,BU,174900.0,104700.0,False,0.0,14:28:55
7970.0,100,-20.0,0.0,BU,171100.0,104700.0,False,10.0,14:28:55
7960.0,5000,-30.0,0.0,BU,171000.0,104700.0,False,0.0,14:28:55
7960.0,1000,-30.0,0.0,BU,166000.0,104700.0,False,10.0,14:28:55
7950.0,500,-40.0,0.0,BU,165000.0,104700.0,False,0.0,14:28:55
7950.0,1300,-40.0,0.0,BU,164500.0,104700.0,False,20.0,14:27:23
7930.0,1000,-60.0,0.0,BU,163200.0,104700.0,False,10.0,14:27:23
7920.0,1200,-70.0,0.0,BU,162200.0,104700.0,False,30.0,14:27:23
7890.0,1400,-100.0,0.0,SD,161000.0,104700.0,False,0.0,14:24:54
7890.0,100,-100.0,0.0,SD,161000.0,103300.0,False,10.0,14:24:54
7880.0,4200,-110.0,0.0,SD,161000.0,103200.0,False,0.0,14:20:22
7880.0,1700,-110.0,0.0,SD,161000.0,99000.0,False,-20.0,14:20:22
7900.0,1000,-90.0,0.0,SD,161000.0,97300.0,False,0.0,14:19:16
7900.0,1000,-90.0,0.0,SD,161000.0,96300.0,False,0.0,14:19:16
7900.0,1000,-90.0,0.0,SD,161000.0,95300.0,False,0.0,14:19:16
7900.0,1000,-90.0,0.0,SD,161000.0,94300.0,False,0.0,14:18:23
7900.0,200,-90.0,0.0,SD,161000.0,93300.0,False,0.0,14:18:23
7900.0,500,-90.0,0.0,SD,161000.0,93100.0,False,0.0,14:18:23
7900.0,500,-90.0,0.0,SD,161000.0,92600.0,False,-50.0,14:11:00
7950.0,1000,-40.0,0.0,BU,161000.0,92100.0,False,0.0,14:03:26
7950.0,1000,-40.0,0.0,BU,160000.0,92100.0,False,0.0,14:01:45
7950.0,800,-40.0,0.0,BU,159000.0,92100.0,False,0.0,14:01:45
7950.0,100,-40.0,0.0,SD,158200.0,92100.0,False,0.0,14:00:22
7950.0,100,-40.0,0.0,SD,158200.0,92000.0,False,0.0,14:00:22
7950.0,5000,-40.0,0.0,BU,158200.0,91900.0,False,0.0,14:00:22
7950.0,20000,-40.0,0.0,BU,153200.0,91900.0,False,0.0,13:58:30
7950.0,5000,-40.0,0.0,BU,133200.0,91900.0,False,-10.0,13:58:14
7960.0,400,-30.0,0.0,BU,128200.0,91900.0,False,-10.0,13:56:03
7970.0,200,-20.0,0.0,BU,127800.0,91900.0,False,20.0,13:56:03
7950.0,100,-40.0,0.0,BU,127600.0,91900.0,False,-20.0,13:56:03
7970.0,200,-20.0,0.0,BU,127500.0,91900.0,False,0.0,13:56:03
7970.0,1000,-20.0,0.0,BU,127300.0,91900.0,False,10.0,13:56:03
7960.0,500,-30.0,0.0,BU,126300.0,91900.0,False,0.0,13:56:03
7960.0,500,-30.0,0.0,BU,125800.0,91900.0,False,0.0,13:56:03
7960.0,100,-30.0,0.0,BU,125300.0,91900.0,False,0.0,13:56:03
7960.0,1900,-30.0,0.0,BU,125200.0,91900.0,False,10.0,13:56:03
7950.0,1000,-40.0,0.0,BU,123300.0,91900.0,False,0.0,13:56:03
7950.0,4000,-40.0,0.0,BU,122300.0,91900.0,False,10.0,13:56:03
7940.0,100,-50.0,0.0,BU,118300.0,91900.0,False,0.0,13:56:03
7940.0,9900,-50.0,0.0,BU,118200.0,91900.0,False,0.0,13:55:16
7940.0,100,-50.0,0.0,BU,108300.0,91900.0,False,50.0,13:55:16
7890.0,900,-100.0,0.0,SD,108200.0,91900.0,False,0.0,13:52:40
7890.0,800,-100.0,0.0,SD,108200.0,91000.0,False,-10.0,13:50:58
7900.0,600,-90.0,0.0,SD,108200.0,90200.0,False,0.0,13:42:51
7900.0,1400,-90.0,0.0,SD,108200.0,89600.0,False,-40.0,13:42:51
7940.0,100,-50.0,0.0,BU,108200.0,88200.0,False,0.0,13:41:23
7940.0,1400,-50.0,0.0,BU,108100.0,88200.0,False,0.0,13:39:15
7940.0,100,-50.0,0.0,BU,106700.0,88200.0,False,10.0,13:38:25
7930.0,500,-60.0,0.0,BU,106600.0,88200.0,False,0.0,13:38:25
7930.0,100,-60.0,0.0,BU,106100.0,88200.0,False,0.0,13:38:25
7930.0,300,-60.0,0.0,BU,106000.0,88200.0,False,10.0,13:38:25
7920.0,500,-70.0,0.0,BU,105700.0,88200.0,False,10.0,13:38:25
7910.0,500,-80.0,0.0,BU,105200.0,88200.0,False,10.0,13:38:25
7900.0,3000,-90.0,0.0,BU,104700.0,88200.0,False,0.0,13:38:11
7900.0,2800,-90.0,0.0,BU,101700.0,88200.0,False,0.0,13:38:11
7900.0,400,-90.0,0.0,BU,98900.0,88200.0,False,10.0,13:38:11
7890.0,2400,-100.0,0.0,BU,98500.0,88200.0,False,10.0,13:38:11
7880.0,700,-110.0,0.0,SD,96100.0,88200.0,False,0.0,13:37:52
7880.0,100,-110.0,0.0,SD,96100.0,87500.0,False,0.0,13:37:52
7880.0,200,-110.0,0.0,SD,96100.0,87400.0,False,-10.0,13:37:52
7890.0,500,-100.0,0.0,BU,96100.0,87200.0,False,0.0,13:37:24
7890.0,100,-100.0,0.0,BU,95600.0,87200.0,False,0.0,13:36:35
7890.0,100,-100.0,0.0,BU,95500.0,87200.0,False,0.0,13:34:01
7890.0,4000,-100.0,0.0,BU,95400.0,87200.0,False,0.0,13:33:05
7890.0,100,-100.0,0.0,BU,91400.0,87200.0,False,10.0,13:32:08
7880.0,100,-110.0,0.0,SD,91300.0,87200.0,False,0.0,13:30:52
7880.0,700,-110.0,0.0,BU,91300.0,87100.0,False,0.0,13:23:08
7880.0,100,-110.0,0.0,BU,90600.0,87100.0,False,-10.0,13:20:04
7890.0,500,-100.0,0.0,BU,90500.0,87100.0,False,0.0,13:11:37
7890.0,500,-100.0,0.0,BU,90000.0,87100.0,False,60.0,13:11:24
7830.0,200,-160.0,0.0,SD,89500.0,87100.0,False,0.0,13:09:56
7830.0,2000,-160.0,0.0,SD,89500.0,86900.0,False,-70.0,13:09:54
7900.0,100,-90.0,0.0,BU,89500.0,84900.0,False,30.0,13:00:17
7870.0,200,-120.0,0.0,BU,89400.0,84900.0,False,10.0,13:00:17
7860.0,2000,-130.0,0.0,BU,89200.0,84900.0,False,-40.0,13:00:13
7900.0,100,-90.0,0.0,BU,87200.0,84900.0,False,70.0,11:28:06
7830.0,1100,-160.0,0.0,SD,87100.0,84900.0,False,10.0,11:25:27
7820.0,3200,-170.0,0.0,BU,87100.0,83800.0,False,0.0,11:17:34
7820.0,100,-170.0,0.0,BU,83900.0,83800.0,False,0.0,11:17:33
7820.0,500,-170.0,0.0,BU,83800.0,83800.0,False,0.0,11:17:04
7820.0,1000,-170.0,0.0,BU,83300.0,83800.0,False,0.0,11:16:11
7820.0,100,-170.0,0.0,BU,82300.0,83800.0,False,0.0,11:15:24
7820.0,300,-170.0,0.0,BU,82200.0,83800.0,False,0.0,11:14:39
7820.0,500,-170.0,0.0,SD,81900.0,83800.0,False,0.0,11:14:37
7820.0,100,-170.0,0.0,SD,81900.0,83300.0,False,0.0,11:14:37
7820.0,5000,-170.0,0.0,SD,81900.0,83200.0,False,0.0,11:14:37
7820.0,600,-170.0,0.0,SD,81900.0,78200.0,False,0.0,11:14:37
7820.0,2700,-170.0,0.0,SD,81900.0,77600.0,False,-20.0,11:14:37
7840.0,1300,-150.0,0.0,SD,81900.0,74900.0,False,0.0,11:14:37
7840.0,9000,-150.0,0.0,SD,81900.0,73600.0,False,0.0,11:14:37
7840.0,100,-150.0,0.0,SD,81900.0,64600.0,False,0.0,11:14:37
7840.0,5000,-150.0,0.0,SD,81900.0,64500.0,False,0.0,11:14:37
7840.0,300,-150.0,0.0,SD,81900.0,59500.0,False,-10.0,11:14:37
7850.0,100,-140.0,0.0,SD,81900.0,59200.0,False,0.0,11:14:37
7850.0,100,-140.0,0.0,SD,81900.0,59100.0,False,-90.0,11:14:37
7940.0,100,-50.0,0.0,BU,81900.0,59000.0,False,0.0,11:03:37
7940.0,100,-50.0,0.0,BU,81800.0,59000.0,False,-20.0,10:58:38
7960.0,100,-30.0,0.0,BU,81700.0,59000.0,False,10.0,10:48:52
7950.0,100,-40.0,0.0,BU,81600.0,59000.0,False,20.0,10:48:52
7930.0,100,-60.0,0.0,BU,81500.0,59000.0,False,90.0,10:48:52
7840.0,300,-150.0,0.0,BU,81400.0,59000.0,False,0.0,10:47:32
7840.0,1000,-150.0,0.0,BU,81100.0,59000.0,False,0.0,10:47:07
7840.0,600,-150.0,0.0,BU,80100.0,59000.0,False,0.0,10:46:39
7840.0,300,-150.0,0.0,BU,79500.0,59000.0,False,20.0,10:46:05
7820.0,100,-170.0,0.0,SD,79200.0,59000.0,False,0.0,10:42:59
7820.0,2300,-170.0,0.0,SD,79200.0,58900.0,False,0.0,10:42:59
7820.0,100,-170.0,0.0,SD,79200.0,56600.0,False,0.0,10:42:59
7820.0,100,-170.0,0.0,SD,79200.0,56500.0,False,-20.0,10:42:59
7840.0,600,-150.0,0.0,BU,79200.0,56400.0,False,20.0,10:42:17
7820.0,100,-170.0,0.0,SD,78600.0,56400.0,False,-20.0,10:39:16
7840.0,7500,-150.0,0.0,BU,78600.0,56300.0,False,-10.0,10:36:52
7850.0,10000,-140.0,0.0,BU,71100.0,56300.0,False,10.0,10:36:30
7840.0,2500,-150.0,0.0,SD,61100.0,56300.0,False,-20.0,10:36:30
7860.0,1000,-130.0,0.0,BU,61100.0,53800.0,False,20.0,10:36:30
7840.0,100,-150.0,0.0,SD,60100.0,53800.0,False,-10.0,10:36:30
7850.0,1000,-140.0,0.0,BU,60100.0,53700.0,False,-10.0,10:36:30
7860.0,20000,-130.0,0.0,BU,59100.0,53700.0,False,0.0,10:36:30
7860.0,1500,-130.0,0.0,SD,39100.0,53700.0,False,0.0,10:36:30
7860.0,200,-130.0,0.0,SD,39100.0,52200.0,False,0.0,10:36:30
7860.0,4100,-130.0,0.0,SD,39100.0,52000.0,False,0.0,10:36:30
7860.0,100,-130.0,0.0,SD,39100.0,47900.0,False,-10.0,10:36:30
7870.0,4100,-120.0,0.0,SD,39100.0,47800.0,False,-10.0,10:36:30
7880.0,5000,-110.0,0.0,SD,39100.0,43700.0,False,0.0,10:36:30
7880.0,400,-110.0,0.0,SD,39100.0,38700.0,False,-90.0,10:36:30
7970.0,100,-20.0,0.0,BU,39100.0,38300.0,False,0.0,10:28:55
7970.0,500,-20.0,0.0,BU,39000.0,38300.0,False,70.0,10:28:55
7900.0,300,-90.0,0.0,BU,38500.0,38300.0,False,10.0,10:28:55
7890.0,500,-100.0,0.0,BU,38200.0,38300.0,False,20.0,10:28:55
7870.0,900,-120.0,0.0,SD,37700.0,38300.0,False,10.0,10:27:59
7860.0,10000,-130.0,0.0,SD,37700.0,37400.0,False,-10.0,10:24:48
7870.0,100,-120.0,0.0,BU,37700.0,27400.0,False,0.0,10:22:27
7870.0,1000,-120.0,0.0,BU,37600.0,27400.0,False,0.0,10:22:27
7870.0,2000,-120.0,0.0,SD,36600.0,27400.0,False,0.0,10:21:45
7870.0,100,-120.0,0.0,SD,36600.0,25400.0,False,0.0,10:21:37
7870.0,3900,-120.0,0.0,SD,36600.0,25300.0,False,0.0,10:19:21
7870.0,2000,-120.0,0.0,SD,36600.0,21400.0,False,0.0,10:18:49
7870.0,500,-120.0,0.0,SD,36600.0,19400.0,False,0.0,10:13:09
7870.0,100,-120.0,0.0,SD,36600.0,18900.0,False,0.0,10:10:36
7870.0,400,-120.0,0.0,SD,36600.0,18800.0,False,-10.0,10:08:44
7880.0,500,-110.0,0.0,SD,36600.0,18400.0,False,-100.0,10:08:25
7980.0,100,-10.0,0.0,BU,36600.0,17900.0,False,-10.0,09:59:02
7990.0,2300,0.0,0.0,BU,36500.0,17900.0,False,10.0,09:56:30
7980.0,2800,-10.0,0.0,BU,34200.0,17900.0,False,10.0,09:56:30
7970.0,100,-20.0,0.0,BU,31400.0,17900.0,False,20.0,09:56:30
7950.0,900,-40.0,0.0,BU,31300.0,17900.0,False,0.0,09:56:30
7950.0,2000,-40.0,0.0,BU,30400.0,17900.0,False,20.0,09:56:30
7930.0,600,-60.0,0.0,BU,28400.0,17900.0,False,30.0,09:56:30
7900.0,300,-90.0,0.0,BU,27800.0,17900.0,False,0.0,09:56:30
7900.0,500,-90.0,0.0,BU,27500.0,17900.0,False,0.0,09:56:30
7900.0,500,-90.0,0.0,BU,27000.0,17900.0,False,10.0,09:56:30
7890.0,200,-100.0,0.0,BU,26500.0,17900.0,False,30.0,09:56:07
7860.0,900,-130.0,0.0,SD,26300.0,17900.0,False,0.0,09:55:30
7860.0,100,-130.0,0.0,SD,26300.0,17000.0,False,0.0,09:55:30
7860.0,400,-130.0,0.0,SD,26300.0,16900.0,False,0.0,09:53:19
7860.0,100,-130.0,0.0,SD,26300.0,16500.0,False,0.0,09:53:19
7860.0,400,-130.0,0.0,SD,26300.0,16400.0,False,-10.0,09:53:19
7870.0,1200,-120.0,0.0,SD,26300.0,16000.0,False,0.0,09:53:19
7870.0,2100,-120.0,0.0,SD,26300.0,14800.0,False,0.0,09:53:10
7870.0,6700,-120.0,0.0,SD,26300.0,12700.0,False,-20.0,09:52:47
7890.0,400,-100.0,0.0,BU,26300.0,6000.0,False,0.0,09:52:30
7890.0,1000,-100.0,0.0,BU,25900.0,6000.0,False,0.0,09:49:47
7890.0,3000,-100.0,0.0,BU,24900.0,6000.0,False,0.0,09:47:53
7890.0,2000,-100.0,0.0,BU,21900.0,6000.0,False,0.0,09:47:53
7890.0,300,-100.0,0.0,BU,19900.0,6000.0,False,0.0,09:41:37
7890.0,1400,-100.0,0.0,BU,19600.0,6000.0,False,0.0,09:37:21
7890.0,100,-100.0,0.0,SD,18200.0,6000.0,False,0.0,09:37:12
7890.0,1200,-100.0,0.0,SD,18200.0,5900.0,False,0.0,09:35:21
7890.0,100,-100.0,0.0,SD,18200.0,4700.0,False,0.0,09:35:21
7890.0,100,-100.0,0.0,SD,18200.0,4600.0,False,0.0,09:34:24
7890.0,500,-100.0,0.0,BU,18200.0,4500.0,False,30.0,09:29:40
7860.0,1300,-130.0,0.0,BU,17700.0,4500.0,False,0.0,09:25:26
7860.0,400,-130.0,0.0,BU,16400.0,4500.0,False,10.0,09:25:12
7850.0,200,-140.0,0.0,SD,16000.0,4500.0,False,0.0,09:23:37
7850.0,400,-140.0,0.0,SD,16000.0,4300.0,False,-10.0,09:23:27
7860.0,200,-130.0,0.0,SD,16000.0,3900.0,False,0.0,09:23:17
7860.0,100,-130.0,0.0,SD,16000.0,3700.0,False,-10.0,09:23:17
7870.0,100,-120.0,0.0,SD,16000.0,3600.0,False,-10.0,09:23:17
7880.0,500,-110.0,0.0,SD,16000.0,3500.0,False,0.0,09:23:17
7880.0,200,-110.0,0.0,SD,16000.0,3000.0,False,0.0,09:23:17
7880.0,300,-110.0,0.0,SD,16000.0,2800.0,False,0.0,09:23:17
7880.0,1200,-110.0,0.0,SD,16000.0,2500.0,False,0.0,09:23:17
7880.0,800,-110.0,0.0,SD,16000.0,1300.0,False,0.0,09:20:34
7880.0,100,-110.0,0.0,SD,16000.0,500.0,False,-20.0,09:20:34
7900.0,500,-90.0,0.0,BU,16000.0,400.0,False,0.0,09:16:45
7900.0,500,-90.0,0.0,BU,15500.0,400.0,False,0.0,09:16:45
7900.0,100,-90.0,0.0,BU,15000.0,400.0,False,-80.0,09:16:45
7980.0,200,-10.0,0.0,BU,14900.0,400.0,False,-10.0,09:16:16
7990.0,14700,0.0,0.0,BU,14700.0,400.0,False,0.0,09:15:30
7990.0,400,0.0,0.0,SD,0.0,400.0,False,0.0,09:15:20
7990.0,7500,0.0,0.0,,0.0,0.0,False,0.0,09:15:01
