p,v,cp,rcp,a,ba,sa,hl,pcp,t
61400.0,1600,-500.0,0.0,,65000.0,13000.0,False,-500.0,14:45:01
61900.0,100,0.0,0.0,BU,65000.0,13000.0,False,1200.0,14:25:04
60700.0,3000,-1200.0,0.0,SD,64900.0,13000.0,False,-1200.0,14:03:51
61900.0,200,0.0,0.0,BU,64900.0,10000.0,False,100.0,13:58:54
61800.0,500,-100.0,0.0,BU,64700.0,10000.0,False,0.0,13:58:42
61800.0,200,-100.0,0.0,SD,64200.0,10000.0,False,0.0,13:47:49
61800.0,200,-100.0,0.0,SD,64200.0,9800.0,False,0.0,13:42:33
61800.0,100,-100.0,0.0,SD,64200.0,9600.0,False,0.0,13:40:13
61800.0,300,-100.0,0.0,BU,64200.0,9500.0,False,0.0,13:36:52
61800.0,100,-100.0,0.0,BU,63900.0,9500.0,False,-100.0,13:26:57
61900.0,100,0.0,0.0,BU,63800.0,9500.0,False,1500.0,13:14:39
60400.0,300,-1500.0,0.0,BU,63700.0,9500.0,False,0.0,13:02:50
60400.0,200,-1500.0,0.0,BU,63400.0,9500.0,False,0.0,13:02:22
60400.0,100,-1500.0,0.0,BU,63200.0,9500.0,False,0.0,13:02:04
60400.0,100,-1500.0,0.0,BU,63100.0,9500.0,False,0.0,13:00:10
60400.0,100,-1500.0,0.0,BU,63000.0,9500.0,False,0.0,13:00:10
60400.0,800,-1500.0,0.0,BU,62900.0,9500.0,False,0.0,13:00:07
60400.0,200,-1500.0,0.0,BU,62100.0,9500.0,False,-100.0,13:00:07
60500.0,200,-1400.0,0.0,BU,61900.0,9500.0,False,-1500.0,13:00:07
62000.0,100,100.0,0.0,SD,61700.0,9500.0,False,0.0,11:25:36
62000.0,300,100.0,0.0,SD,61700.0,9400.0,False,0.0,11:25:33
62000.0,100,100.0,0.0,SD,61700.0,9100.0,False,0.0,11:24:27
62000.0,100,100.0,0.0,SD,61700.0,9000.0,False,-100.0,11:24:27
62100.0,200,200.0,0.0,SD,61700.0,8900.0,False,-100.0,11:23:05
62200.0,100,300.0,0.0,BU,61700.0,8700.0,False,-200.0,11:22:23
62400.0,200,500.0,0.0,SD,61600.0,8700.0,False,0.0,11:20:51
62400.0,100,500.0,0.0,SD,61600.0,8500.0,False,-100.0,11:19:00
62500.0,300,600.0,0.0,BU,61600.0,8400.0,False,0.0,11:07:06
62500.0,200,600.0,0.0,SD,61300.0,8400.0,False,0.0,11:06:52
62500.0,200,600.0,0.0,BU,61300.0,8200.0,False,0.0,11:03:52
62500.0,800,600.0,0.0,SD,61100.0,8200.0,False,0.0,11:03:26
62500.0,900,600.0,0.0,SD,61100.0,7400.0,False,-200.0,11:03:13
62700.0,3000,800.0,0.0,BU,61100.0,6500.0,False,0.0,10:33:12
62700.0,1000,800.0,0.0,BU,58100.0,6500.0,False,0.0,10:33:03
62700.0,3000,800.0,0.0,BU,57100.0,6500.0,False,-100.0,10:32:27
62800.0,200,900.0,0.0,BU,54100.0,6500.0,False,100.0,10:31:38
62700.0,3800,800.0,0.0,BU,53900.0,6500.0,True,0.0,10:31:28
62700.0,2200,800.0,0.0,BU,50100.0,6500.0,False,0.0,10:31:18
62700.0,500,800.0,0.0,BU,47900.0,6500.0,False,0.0,10:31:18
62700.0,300,800.0,0.0,BU,47400.0,6500.0,False,100.0,10:31:18
62600.0,200,700.0,0.0,BU,47100.0,6500.0,False,-100.0,10:31:06
62700.0,200,800.0,0.0,BU,46900.0,6500.0,False,100.0,10:27:50
62600.0,500,700.0,0.0,BU,46700.0,6500.0,False,2400.0,10:27:33
60200.0,200,-1700.0,0.0,BU,46200.0,6500.0,False,0.0,10:27:11
60200.0,1000,-1700.0,0.0,BU,46000.0,6500.0,False,-200.0,10:27:11
60400.0,500,-1500.0,0.0,SD,45000.0,6500.0,False,-100.0,10:26:52
60500.0,500,-1400.0,0.0,BU,45000.0,6000.0,False,0.0,10:26:22
60500.0,100,-1400.0,0.0,BU,44500.0,6000.0,False,0.0,10:26:22
60500.0,500,-1400.0,0.0,BU,44400.0,6000.0,False,0.0,10:26:22
60500.0,100,-1400.0,0.0,BU,43900.0,6000.0,False,0.0,10:26:22
60500.0,200,-1400.0,0.0,BU,43800.0,6000.0,False,-2400.0,10:26:22
62900.0,200,1000.0,0.0,BU,43600.0,6000.0,False,100.0,10:12:19
62800.0,3400,900.0,0.0,BU,43400.0,6000.0,True,0.0,10:12:10
62800.0,200,900.0,0.0,BU,40000.0,6000.0,False,0.0,10:12:02
62800.0,1600,900.0,0.0,BU,39800.0,6000.0,False,0.0,10:12:02
62800.0,200,900.0,0.0,BU,38200.0,6000.0,False,-100.0,10:12:02
62900.0,200,1000.0,0.0,BU,38000.0,6000.0,False,0.0,10:10:24
62900.0,100,1000.0,0.0,BU,37800.0,6000.0,False,100.0,10:10:24
62800.0,4000,900.0,0.0,BU,37700.0,6000.0,True,0.0,10:10:15
62800.0,400,900.0,0.0,BU,33700.0,6000.0,False,0.0,10:10:15
62800.0,100,900.0,0.0,BU,33300.0,6000.0,False,0.0,10:09:32
62800.0,100,900.0,0.0,BU,33200.0,6000.0,False,100.0,10:09:32
62700.0,5000,800.0,0.0,BU,33100.0,6000.0,True,-100.0,10:09:16
62800.0,300,900.0,0.0,BU,28100.0,6000.0,False,100.0,10:03:41
62700.0,500,800.0,0.0,BU,27800.0,6000.0,False,2300.0,10:03:32
60400.0,1000,-1500.0,0.0,BU,27300.0,6000.0,False,0.0,10:02:13
60400.0,1000,-1500.0,0.0,BU,26300.0,6000.0,False,-100.0,10:00:25
60500.0,500,-1400.0,0.0,SD,25300.0,6000.0,False,0.0,10:00:09
60500.0,600,-1400.0,0.0,SD,25300.0,5500.0,False,0.0,10:00:09
60500.0,500,-1400.0,0.0,SD,25300.0,4900.0,False,-100.0,10:00:09
60600.0,500,-1300.0,0.0,BU,25300.0,4400.0,False,-1100.0,09:59:50
61700.0,100,-200.0,0.0,BU,24800.0,4400.0,False,-1200.0,09:59:50
62900.0,500,1000.0,0.0,BU,24700.0,4400.0,False,0.0,09:51:13
62900.0,200,1000.0,0.0,BU,24200.0,4400.0,False,0.0,09:50:48
62900.0,200,1000.0,0.0,BU,24000.0,4400.0,False,100.0,09:50:38
62800.0,200,900.0,0.0,BU,23800.0,4400.0,False,0.0,09:46:54
62800.0,300,900.0,0.0,BU,23600.0,4400.0,False,100.0,09:46:01
62700.0,500,800.0,0.0,BU,23300.0,4400.0,False,-300.0,09:44:21
63000.0,1700,1100.0,0.0,BU,22800.0,4400.0,False,0.0,09:39:45
63000.0,2000,1100.0,0.0,BU,21100.0,4400.0,False,0.0,09:39:16
63000.0,300,1100.0,0.0,BU,19100.0,4400.0,False,0.0,09:39:08
63000.0,1700,1100.0,0.0,BU,18800.0,4400.0,False,2900.0,09:39:08
60100.0,1000,-1800.0,0.0,BU,17100.0,4400.0,False,-2900.0,09:39:00
63000.0,2000,1100.0,0.0,BU,16100.0,4400.0,False,0.0,09:38:49
63000.0,300,1100.0,0.0,BU,14100.0,4400.0,False,0.0,09:38:40
63000.0,500,1100.0,0.0,BU,13800.0,4400.0,False,0.0,09:38:40
63000.0,100,1100.0,0.0,BU,13300.0,4400.0,False,0.0,09:38:40
63000.0,100,1100.0,0.0,BU,13200.0,4400.0,False,100.0,09:38:40
62900.0,500,1000.0,0.0,BU,13100.0,4400.0,False,100.0,09:38:32
62800.0,1000,900.0,0.0,BU,12600.0,4400.0,False,800.0,09:38:17
62000.0,100,100.0,0.0,BU,11600.0,4400.0,False,0.0,09:38:01
62000.0,200,100.0,0.0,BU,11500.0,4400.0,False,0.0,09:38:01
62000.0,500,100.0,0.0,BU,11300.0,4400.0,False,0.0,09:38:01
62000.0,1600,100.0,0.0,BU,10800.0,4400.0,False,0.0,09:38:01
62000.0,2000,100.0,0.0,BU,9200.0,4400.0,False,0.0,09:37:47
62000.0,1000,100.0,0.0,BU,7200.0,4400.0,False,100.0,09:37:38
61900.0,300,0.0,0.0,BU,6200.0,4400.0,False,0.0,09:37:26
61900.0,300,0.0,0.0,BU,5900.0,4400.0,False,1900.0,09:36:59
60000.0,500,-1900.0,0.0,SD,5600.0,4400.0,False,0.0,09:36:40
60000.0,500,-1900.0,0.0,SD,5600.0,3900.0,False,-2000.0,09:36:40
62000.0,200,100.0,0.0,BU,5600.0,3400.0,False,100.0,09:35:20
61900.0,500,0.0,0.0,BU,5400.0,3400.0,False,1900.0,09:35:08
60000.0,500,-1900.0,0.0,BU,4900.0,3400.0,False,0.0,09:34:30
60000.0,100,-1900.0,0.0,BU,4400.0,3400.0,False,0.0,09:34:30
60000.0,1000,-1900.0,0.0,BU,4300.0,3400.0,False,-100.0,09:34:30
60100.0,600,-1800.0,0.0,BU,3300.0,3400.0,False,100.0,09:32:55
60000.0,400,-1900.0,0.0,SD,2700.0,3400.0,False,0.0,09:32:55
60000.0,1000,-1900.0,0.0,SD,2700.0,3000.0,False,0.0,09:32:55
60000.0,1000,-1900.0,0.0,SD,2700.0,2000.0,False,0.0,09:32:55
60000.0,1000,-1900.0,0.0,SD,2700.0,1000.0,False,-2000.0,09:32:55
62000.0,200,100.0,0.0,BU,2700.0,0.0,False,200.0,09:28:54
61800.0,300,-100.0,0.0,BU,2500.0,0.0,False,1800.0,09:28:44
60000.0,1000,-1900.0,0.0,BU,2200.0,0.0,False,0.0,09:28:25
60000.0,500,-1900.0,0.0,BU,1200.0,0.0,False,-100.0,09:28:25
60100.0,400,-1800.0,0.0,BU,700.0,0.0,False,-1700.0,09:28:25
61800.0,100,-100.0,0.0,BU,300.0,0.0,False,0.0,09:22:13
61800.0,100,-100.0,0.0,BU,200.0,0.0,False,0.0,09:21:16
61800.0,100,-100.0,0.0,BU,100.0,0.0,False,100.0,09:16:44
61700.0,600,-200.0,0.0,,0.0,0.0,False,0.0,09:15:00
