p,v,cp,rcp,a,ba,sa,hl,pcp,t
13800.0,20800,100.0,0.0,,43300.0,39700.0,False,300.0,14:45:00
13500.0,400,-200.0,0.0,BU,43300.0,39700.0,False,0.0,14:29:09
13500.0,100,-200.0,0.0,BU,42900.0,39700.0,False,150.0,14:28:04
13350.0,500,-350.0,0.0,SD,42800.0,39700.0,False,-50.0,14:27:52
13400.0,100,-300.0,0.0,SD,42800.0,39200.0,False,0.0,14:27:13
13400.0,100,-300.0,0.0,SD,42800.0,39100.0,False,0.0,14:25:46
13400.0,100,-300.0,0.0,SD,42800.0,39000.0,False,-100.0,14:24:32
13500.0,300,-200.0,0.0,SD,42800.0,38900.0,False,0.0,14:23:20
13500.0,200,-200.0,0.0,SD,42800.0,38600.0,False,0.0,14:23:20
13500.0,200,-200.0,0.0,SD,42800.0,38400.0,False,0.0,14:22:56
13500.0,200,-200.0,0.0,SD,42800.0,38200.0,False,0.0,14:22:15
13500.0,700,-200.0,0.0,SD,42800.0,38000.0,False,0.0,14:19:44
13500.0,1000,-200.0,0.0,BU,42800.0,37300.0,False,0.0,14:18:51
13500.0,300,-200.0,0.0,BU,41800.0,37300.0,False,0.0,14:18:38
13500.0,1000,-200.0,0.0,BU,41500.0,37300.0,False,0.0,14:18:36
13500.0,1000,-200.0,0.0,BU,40500.0,37300.0,False,0.0,14:18:36
13500.0,1000,-200.0,0.0,BU,39500.0,37300.0,False,0.0,14:17:56
13500.0,1000,-200.0,0.0,BU,38500.0,37300.0,False,0.0,14:17:30
13500.0,200,-200.0,0.0,BU,37500.0,37300.0,False,0.0,14:17:29
13500.0,2000,-200.0,0.0,BU,37300.0,37300.0,False,0.0,14:17:19
13500.0,500,-200.0,0.0,BU,35300.0,37300.0,False,0.0,14:16:41
13500.0,6300,-200.0,0.0,BU,34800.0,37300.0,False,0.0,14:16:26
13500.0,6300,-200.0,0.0,BU,28500.0,37300.0,False,0.0,14:16:26
13500.0,300,-200.0,0.0,BU,22200.0,37300.0,False,0.0,14:16:10
13500.0,200,-200.0,0.0,BU,21900.0,37300.0,False,0.0,14:16:08
13500.0,2000,-200.0,0.0,BU,21700.0,37300.0,False,100.0,14:15:22
13400.0,1000,-300.0,0.0,SD,19700.0,37300.0,False,0.0,14:11:32
13400.0,300,-300.0,0.0,SD,19700.0,36300.0,False,-100.0,14:11:32
13500.0,400,-200.0,0.0,BU,19700.0,36000.0,False,0.0,14:08:03
13500.0,100,-200.0,0.0,BU,19300.0,36000.0,False,0.0,14:06:31
13500.0,100,-200.0,0.0,BU,19200.0,36000.0,False,0.0,14:06:28
13500.0,300,-200.0,0.0,SD,19100.0,36000.0,False,0.0,14:01:25
13500.0,100,-200.0,0.0,SD,19100.0,35700.0,False,0.0,14:01:25
13500.0,200,-200.0,0.0,SD,19100.0,35600.0,False,-50.0,14:01:25
13550.0,900,-150.0,0.0,SD,19100.0,35400.0,False,0.0,13:58:43
13550.0,800,-150.0,0.0,BU,19100.0,34500.0,False,0.0,13:56:48
13550.0,300,-150.0,0.0,BU,18300.0,34500.0,False,50.0,13:56:48
13500.0,2000,-200.0,0.0,BU,18000.0,34500.0,False,0.0,13:53:39
13500.0,200,-200.0,0.0,BU,16000.0,34500.0,False,0.0,13:53:13
13500.0,300,-200.0,0.0,BU,15800.0,34500.0,False,0.0,13:52:16
13500.0,600,-200.0,0.0,BU,15500.0,34500.0,False,100.0,13:51:56
13400.0,500,-300.0,0.0,SD,14900.0,34500.0,False,-100.0,13:49:03
13500.0,300,-200.0,0.0,BU,14900.0,34000.0,False,0.0,13:45:32
13500.0,200,-200.0,0.0,BU,14600.0,34000.0,False,0.0,13:45:32
13500.0,500,-200.0,0.0,SD,14400.0,34000.0,False,0.0,13:45:09
13500.0,800,-200.0,0.0,SD,14400.0,33500.0,False,0.0,13:45:09
13500.0,700,-200.0,0.0,SD,14400.0,32700.0,False,-50.0,13:43:35
13550.0,200,-150.0,0.0,BU,14400.0,32000.0,False,-50.0,13:43:32
13600.0,1800,-100.0,0.0,SD,14200.0,32000.0,False,0.0,13:41:43
13600.0,2000,-100.0,0.0,SD,14200.0,30200.0,False,0.0,13:41:35
13600.0,900,-100.0,0.0,SD,14200.0,28200.0,False,50.0,13:41:14
13550.0,3000,-150.0,0.0,SD,14200.0,27300.0,False,0.0,13:41:14
13550.0,300,-150.0,0.0,SD,14200.0,24300.0,False,0.0,13:41:14
13550.0,200,-150.0,0.0,SD,14200.0,24000.0,False,-50.0,13:38:48
13600.0,100,-100.0,0.0,BU,14200.0,23800.0,False,50.0,13:37:38
13550.0,100,-150.0,0.0,SD,14100.0,23800.0,False,0.0,13:37:13
13550.0,1500,-150.0,0.0,BU,14100.0,23700.0,False,50.0,13:33:32
13500.0,300,-200.0,0.0,BU,12600.0,23700.0,False,0.0,13:27:54
13500.0,100,-200.0,0.0,BU,12300.0,23700.0,False,0.0,13:27:00
13500.0,1900,-200.0,0.0,BU,12200.0,23700.0,False,0.0,13:26:07
13500.0,100,-200.0,0.0,BU,10300.0,23700.0,False,0.0,13:26:07
13500.0,400,-200.0,0.0,BU,10200.0,23700.0,False,0.0,13:20:41
13500.0,100,-200.0,0.0,BU,9800.0,23700.0,False,150.0,13:19:55
13350.0,500,-350.0,0.0,SD,9700.0,23700.0,False,-50.0,13:15:28
13400.0,500,-300.0,0.0,SD,9700.0,23200.0,False,0.0,13:12:40
13400.0,2300,-300.0,0.0,SD,9700.0,22700.0,False,0.0,13:12:40
13400.0,1000,-300.0,0.0,SD,9700.0,20400.0,False,0.0,13:12:06
13400.0,1700,-300.0,0.0,SD,9700.0,19400.0,False,0.0,13:07:54
13400.0,300,-300.0,0.0,SD,9700.0,17700.0,False,0.0,13:07:54
13400.0,300,-300.0,0.0,SD,9700.0,17400.0,False,0.0,13:07:54
13400.0,300,-300.0,0.0,SD,9700.0,17100.0,False,0.0,13:07:54
13400.0,1000,-300.0,0.0,SD,9700.0,16800.0,False,0.0,13:07:54
13400.0,100,-300.0,0.0,SD,9700.0,15800.0,False,0.0,13:07:54
13400.0,800,-300.0,0.0,SD,9700.0,15700.0,False,0.0,13:07:54
13400.0,300,-300.0,0.0,SD,9700.0,14900.0,False,-50.0,13:07:54
13450.0,100,-250.0,0.0,SD,9700.0,14600.0,False,0.0,13:07:54
13450.0,100,-250.0,0.0,SD,9700.0,14500.0,False,0.0,13:07:54
13450.0,100,-250.0,0.0,SD,9700.0,14400.0,False,0.0,13:07:54
13450.0,300,-250.0,0.0,SD,9700.0,14300.0,False,-50.0,13:07:54
13500.0,4600,-200.0,0.0,SD,9700.0,14000.0,False,0.0,13:07:54
13500.0,400,-200.0,0.0,SD,9700.0,9400.0,False,0.0,13:06:01
13500.0,400,-200.0,0.0,SD,9700.0,9000.0,False,-300.0,13:00:11
13800.0,500,100.0,0.0,BU,9700.0,8600.0,False,-150.0,11:18:33
13950.0,100,250.0,0.0,BU,9200.0,8600.0,False,550.0,10:03:18
13400.0,1700,-300.0,0.0,SD,9100.0,8600.0,False,-100.0,10:00:19
13500.0,200,-200.0,0.0,BU,9100.0,6900.0,False,0.0,10:00:19
13500.0,2000,-200.0,0.0,BU,8900.0,6900.0,False,0.0,10:00:19
13500.0,100,-200.0,0.0,BU,6900.0,6900.0,False,0.0,10:00:19
13500.0,1000,-200.0,0.0,BU,6800.0,6900.0,False,-100.0,10:00:19
13600.0,100,-100.0,0.0,BU,5800.0,6900.0,False,-50.0,10:00:19
13650.0,400,-50.0,0.0,BU,5700.0,6900.0,False,0.0,10:00:19
13650.0,1000,-50.0,0.0,BU,5300.0,6900.0,False,-100.0,10:00:19
13750.0,500,50.0,0.0,BU,4300.0,6900.0,False,0.0,10:00:19
13750.0,100,50.0,0.0,BU,3800.0,6900.0,False,0.0,10:00:19
13750.0,400,50.0,0.0,BU,3700.0,6900.0,False,-50.0,10:00:19
13800.0,100,100.0,0.0,BU,3300.0,6900.0,False,-100.0,10:00:19
13900.0,100,200.0,0.0,BU,3200.0,6900.0,False,0.0,10:00:19
13900.0,600,200.0,0.0,SD,3100.0,6900.0,False,0.0,09:59:49
13900.0,100,200.0,0.0,BU,3100.0,6300.0,False,0.0,09:57:56
13900.0,100,200.0,0.0,BU,3000.0,6300.0,False,100.0,09:51:58
13800.0,300,100.0,0.0,SD,2900.0,6300.0,False,-150.0,09:48:53
13950.0,100,250.0,0.0,BU,2900.0,6000.0,False,50.0,09:47:51
13900.0,100,200.0,0.0,BU,2800.0,6000.0,False,0.0,09:47:28
13900.0,100,200.0,0.0,BU,2700.0,6000.0,False,50.0,09:47:28
13850.0,100,150.0,0.0,BU,2600.0,6000.0,False,50.0,09:47:08
13800.0,100,100.0,0.0,SD,2500.0,6000.0,False,0.0,09:45:59
13800.0,100,100.0,0.0,SD,2500.0,5900.0,False,50.0,09:45:59
13750.0,200,50.0,0.0,SD,2500.0,5800.0,False,0.0,09:43:35
13750.0,200,50.0,0.0,BU,2500.0,5600.0,False,0.0,09:40:54
13750.0,100,50.0,0.0,BU,2300.0,5600.0,False,0.0,09:40:54
13750.0,100,50.0,0.0,BU,2200.0,5600.0,False,0.0,09:40:54
13750.0,100,50.0,0.0,BU,2100.0,5600.0,False,50.0,09:37:17
13700.0,1200,0.0,0.0,SD,2000.0,5600.0,False,0.0,09:34:30
13700.0,300,0.0,0.0,BU,2000.0,4400.0,False,0.0,09:32:19
13700.0,700,0.0,0.0,SD,1700.0,4400.0,False,0.0,09:31:41
13700.0,200,0.0,0.0,SD,1700.0,3700.0,False,0.0,09:29:49
13700.0,100,0.0,0.0,SD,1700.0,3500.0,False,0.0,09:27:11
13700.0,900,0.0,0.0,BU,1700.0,3400.0,False,150.0,09:25:24
13550.0,200,-150.0,0.0,BU,800.0,3400.0,False,0.0,09:24:20
13550.0,100,-150.0,0.0,BU,600.0,3400.0,False,0.0,09:23:54
13550.0,500,-150.0,0.0,BU,500.0,3400.0,False,0.0,09:23:54
13550.0,200,-150.0,0.0,SD,0.0,3400.0,False,0.0,09:21:55
13550.0,2000,-150.0,0.0,SD,0.0,3200.0,False,-150.0,09:21:55
13700.0,1000,0.0,0.0,SD,0.0,1200.0,False,0.0,09:20:17
13700.0,100,0.0,0.0,SD,0.0,200.0,False,0.0,09:16:26
13700.0,100,0.0,0.0,SD,0.0,100.0,False,0.0,09:16:26
13700.0,1600,0.0,0.0,,0.0,0.0,False,0.0,09:15:00
