p,v,cp,rcp,a,ba,sa,hl,pcp,t
5600.0,12800,-200.0,0.0,,440100.0,378800.0,False,100.0,14:45:02
5500.0,29400,-300.0,-0.1,BU,440100.0,378800.0,False,0.0,14:28:14
5500.0,1500,-300.0,-0.1,BU,410700.0,378800.0,False,100.0,14:27:54
5400.0,200,-400.0,-0.1,SD,409200.0,378800.0,False,-100.0,14:27:43
5500.0,1800,-300.0,-0.1,BU,409200.0,378600.0,False,0.0,14:27:14
5500.0,5000,-300.0,-0.1,BU,407400.0,378600.0,False,100.0,14:25:28
5400.0,500,-400.0,-0.1,SD,402400.0,378600.0,False,-100.0,14:24:10
5500.0,200,-300.0,-0.1,BU,402400.0,378100.0,False,0.0,14:23:52
5500.0,10200,-300.0,-0.1,BU,402200.0,378100.0,False,0.0,14:23:03
5500.0,500,-300.0,-0.1,BU,392000.0,378100.0,False,0.0,14:22:53
5500.0,100,-300.0,-0.1,BU,391500.0,378100.0,False,0.0,14:22:26
5500.0,400,-300.0,-0.1,BU,391400.0,378100.0,False,0.0,14:20:55
5500.0,100,-300.0,-0.1,BU,391000.0,378100.0,False,0.0,14:20:05
5500.0,1000,-300.0,-0.1,BU,390900.0,378100.0,False,0.0,14:19:38
5500.0,3000,-300.0,-0.1,BU,389900.0,378100.0,False,0.0,14:18:25
5500.0,1000,-300.0,-0.1,BU,386900.0,378100.0,False,0.0,14:18:11
5500.0,500,-300.0,-0.1,BU,385900.0,378100.0,False,0.0,14:17:52
5500.0,2000,-300.0,-0.1,BU,385400.0,378100.0,False,0.0,14:17:44
5500.0,1000,-300.0,-0.1,BU,383400.0,378100.0,False,0.0,14:16:50
5500.0,1000,-300.0,-0.1,BU,382400.0,378100.0,False,0.0,14:16:39
5500.0,5500,-300.0,-0.1,BU,381400.0,378100.0,False,0.0,14:16:30
5500.0,200,-300.0,-0.1,BU,375900.0,378100.0,False,0.0,14:16:21
5500.0,300,-300.0,-0.1,BU,375700.0,378100.0,False,0.0,14:15:52
5500.0,200,-300.0,-0.1,BU,375400.0,378100.0,False,100.0,14:14:18
5400.0,200,-400.0,-0.1,SD,375200.0,378100.0,False,-100.0,14:12:35
5500.0,200,-300.0,-0.1,BU,375200.0,377900.0,False,100.0,14:11:38
5400.0,9000,-400.0,-0.1,SD,375000.0,377900.0,False,-100.0,14:11:14
5500.0,100,-300.0,-0.1,BU,375000.0,368900.0,False,100.0,14:08:44
5400.0,100,-400.0,-0.1,SD,374900.0,368900.0,False,-100.0,14:05:48
5500.0,500,-300.0,-0.1,BU,374900.0,368800.0,False,0.0,14:05:28
5500.0,300,-300.0,-0.1,BU,374400.0,368800.0,False,0.0,14:04:04
5500.0,700,-300.0,-0.1,BU,374100.0,368800.0,False,0.0,14:03:58
5500.0,100,-300.0,-0.1,BU,373400.0,368800.0,False,0.0,14:03:37
5500.0,100,-300.0,-0.1,BU,373300.0,368800.0,False,0.0,14:02:45
5500.0,500,-300.0,-0.1,BU,373200.0,368800.0,False,0.0,14:02:26
5500.0,3000,-300.0,-0.1,BU,372700.0,368800.0,False,0.0,14:00:29
5500.0,200,-300.0,-0.1,BU,369700.0,368800.0,False,0.0,13:59:49
5500.0,3000,-300.0,-0.1,BU,369500.0,368800.0,False,0.0,13:59:41
5500.0,400,-300.0,-0.1,BU,366500.0,368800.0,False,0.0,13:58:37
5500.0,1200,-300.0,-0.1,BU,366100.0,368800.0,False,0.0,13:57:06
5500.0,100,-300.0,-0.1,BU,364900.0,368800.0,False,0.0,13:56:32
5500.0,100,-300.0,-0.1,BU,364800.0,368800.0,False,0.0,13:56:26
5500.0,200,-300.0,-0.1,BU,364700.0,368800.0,False,0.0,13:56:20
5500.0,200,-300.0,-0.1,SD,364500.0,368800.0,False,0.0,13:55:08
5500.0,200,-300.0,-0.1,SD,364500.0,368600.0,False,0.0,13:54:51
5500.0,5000,-300.0,-0.1,BU,364500.0,368400.0,False,0.0,13:54:44
5500.0,1000,-300.0,-0.1,BU,359500.0,368400.0,False,0.0,13:54:30
5500.0,1000,-300.0,-0.1,BU,358500.0,368400.0,False,0.0,13:54:24
5500.0,11000,-300.0,-0.1,BU,357500.0,368400.0,False,0.0,13:54:15
5500.0,400,-300.0,-0.1,BU,346500.0,368400.0,False,0.0,13:54:13
5500.0,200,-300.0,-0.1,BU,346100.0,368400.0,False,0.0,13:53:50
5500.0,200,-300.0,-0.1,BU,345900.0,368400.0,False,0.0,13:50:41
5500.0,1000,-300.0,-0.1,BU,345700.0,368400.0,False,0.0,13:50:39
5500.0,400,-300.0,-0.1,BU,344700.0,368400.0,False,0.0,13:46:45
5500.0,2300,-300.0,-0.1,BU,344300.0,368400.0,False,0.0,13:46:18
5500.0,100,-300.0,-0.1,BU,342000.0,368400.0,False,100.0,13:45:17
5400.0,1100,-400.0,-0.1,SD,341900.0,368400.0,False,-100.0,13:44:19
5500.0,800,-300.0,-0.1,BU,341900.0,367300.0,False,0.0,13:42:23
5500.0,200,-300.0,-0.1,BU,341100.0,367300.0,False,0.0,13:42:12
5500.0,5000,-300.0,-0.1,BU,340900.0,367300.0,False,0.0,13:42:09
5500.0,2200,-300.0,-0.1,SD,335900.0,367300.0,False,0.0,13:41:58
5500.0,600,-300.0,-0.1,BU,335900.0,365100.0,False,0.0,13:41:32
5500.0,1200,-300.0,-0.1,BU,335300.0,365100.0,False,0.0,13:41:15
5500.0,2000,-300.0,-0.1,BU,334100.0,365100.0,False,0.0,13:41:14
5500.0,9800,-300.0,-0.1,BU,332100.0,365100.0,False,0.0,13:41:07
5500.0,1400,-300.0,-0.1,BU,322300.0,365100.0,False,0.0,13:41:02
5500.0,38600,-300.0,-0.1,BU,320900.0,365100.0,True,0.0,13:40:57
5500.0,10300,-300.0,-0.1,BU,282300.0,365100.0,False,0.0,13:40:50
5500.0,1000,-300.0,-0.1,BU,272000.0,365100.0,False,0.0,13:40:49
5500.0,1500,-300.0,-0.1,BU,271000.0,365100.0,False,0.0,13:40:48
5500.0,1000,-300.0,-0.1,BU,269500.0,365100.0,False,0.0,13:40:41
5500.0,2000,-300.0,-0.1,BU,268500.0,365100.0,False,0.0,13:40:21
5500.0,200,-300.0,-0.1,BU,266500.0,365100.0,False,0.0,13:40:08
5500.0,100,-300.0,-0.1,BU,266300.0,365100.0,False,0.0,13:38:44
5500.0,1000,-300.0,-0.1,BU,266200.0,365100.0,False,0.0,13:38:27
5500.0,1400,-300.0,-0.1,BU,265200.0,365100.0,False,0.0,13:38:23
5500.0,100,-300.0,-0.1,BU,263800.0,365100.0,False,0.0,13:38:19
5500.0,900,-300.0,-0.1,BU,263700.0,365100.0,False,0.0,13:37:55
5500.0,300,-300.0,-0.1,BU,262800.0,365100.0,False,0.0,13:36:52
5500.0,300,-300.0,-0.1,BU,262500.0,365100.0,False,0.0,13:36:19
5500.0,400,-300.0,-0.1,BU,262200.0,365100.0,False,0.0,13:35:38
5500.0,100,-300.0,-0.1,BU,261800.0,365100.0,False,0.0,13:35:32
5500.0,4000,-300.0,-0.1,BU,261700.0,365100.0,False,0.0,13:35:03
5500.0,100,-300.0,-0.1,BU,257700.0,365100.0,False,0.0,13:34:57
5500.0,10000,-300.0,-0.1,BU,257600.0,365100.0,False,0.0,13:34:52
5500.0,1000,-300.0,-0.1,BU,247600.0,365100.0,False,0.0,13:34:27
5500.0,1700,-300.0,-0.1,BU,246600.0,365100.0,False,0.0,13:34:26
5500.0,1800,-300.0,-0.1,BU,244900.0,365100.0,False,0.0,13:34:20
5500.0,1000,-300.0,-0.1,BU,243100.0,365100.0,False,0.0,13:33:40
5500.0,1000,-300.0,-0.1,BU,242100.0,365100.0,False,0.0,13:33:14
5500.0,5000,-300.0,-0.1,BU,241100.0,365100.0,False,100.0,13:31:59
5400.0,300,-400.0,-0.1,SD,236100.0,365100.0,False,-100.0,13:31:30
5500.0,100,-300.0,-0.1,BU,236100.0,364800.0,False,0.0,13:30:20
5500.0,300,-300.0,-0.1,BU,236000.0,364800.0,False,0.0,13:29:04
5500.0,300,-300.0,-0.1,BU,235700.0,364800.0,False,0.0,13:28:22
5500.0,5000,-300.0,-0.1,BU,235400.0,364800.0,False,0.0,13:28:13
5500.0,200,-300.0,-0.1,BU,230400.0,364800.0,False,0.0,13:27:52
5500.0,42200,-300.0,-0.1,BU,230200.0,364800.0,True,0.0,13:27:36
5500.0,1000,-300.0,-0.1,BU,188000.0,364800.0,False,0.0,13:25:01
5500.0,15000,-300.0,-0.1,BU,187000.0,364800.0,False,0.0,13:24:41
5500.0,700,-300.0,-0.1,BU,172000.0,364800.0,False,0.0,13:24:39
5500.0,300,-300.0,-0.1,BU,171300.0,364800.0,False,0.0,13:24:04
5500.0,31600,-300.0,-0.1,BU,171000.0,364800.0,False,0.0,13:24:00
5500.0,500,-300.0,-0.1,BU,139400.0,364800.0,False,0.0,13:23:31
5500.0,300,-300.0,-0.1,BU,138900.0,364800.0,False,0.0,13:23:30
5500.0,1500,-300.0,-0.1,BU,138600.0,364800.0,False,0.0,13:23:27
5500.0,4000,-300.0,-0.1,BU,137100.0,364800.0,False,0.0,13:23:19
5500.0,100,-300.0,-0.1,BU,133100.0,364800.0,False,0.0,13:23:15
5500.0,4600,-300.0,-0.1,BU,133000.0,364800.0,False,0.0,13:23:12
5500.0,300,-300.0,-0.1,BU,128400.0,364800.0,False,0.0,13:22:56
5500.0,4000,-300.0,-0.1,BU,128100.0,364800.0,False,0.0,13:22:48
5500.0,7000,-300.0,-0.1,BU,124100.0,364800.0,False,0.0,13:21:38
5500.0,1000,-300.0,-0.1,BU,117100.0,364800.0,False,100.0,13:21:05
5400.0,2500,-400.0,-0.1,SD,116100.0,364800.0,False,0.0,13:20:33
5400.0,2000,-400.0,-0.1,SD,116100.0,362300.0,False,0.0,13:17:53
5400.0,300,-400.0,-0.1,SD,116100.0,360300.0,False,0.0,13:15:25
5400.0,300,-400.0,-0.1,SD,116100.0,360000.0,False,0.0,13:14:31
5400.0,7500,-400.0,-0.1,SD,116100.0,359700.0,False,0.0,13:13:59
5400.0,500,-400.0,-0.1,SD,116100.0,352200.0,False,0.0,13:13:46
5400.0,1500,-400.0,-0.1,SD,116100.0,351700.0,False,0.0,13:05:15
5400.0,1500,-400.0,-0.1,SD,116100.0,350200.0,False,-100.0,13:00:03
5500.0,100,-300.0,-0.1,BU,116100.0,348700.0,False,0.0,13:00:02
5500.0,20000,-300.0,-0.1,BU,116000.0,348700.0,False,100.0,11:29:44
5400.0,1000,-400.0,-0.1,SD,96000.0,348700.0,False,0.0,11:22:50
5400.0,500,-400.0,-0.1,SD,96000.0,347700.0,False,-100.0,11:22:03
5500.0,100,-300.0,-0.1,BU,96000.0,347200.0,False,0.0,11:19:45
5500.0,200,-300.0,-0.1,BU,95900.0,347200.0,False,0.0,11:11:39
5500.0,500,-300.0,-0.1,BU,95700.0,347200.0,False,0.0,11:11:26
5500.0,100,-300.0,-0.1,BU,95200.0,347200.0,False,0.0,11:11:13
5500.0,300,-300.0,-0.1,BU,95100.0,347200.0,False,0.0,11:05:31
5500.0,100,-300.0,-0.1,BU,94800.0,347200.0,False,0.0,11:04:02
5500.0,100,-300.0,-0.1,BU,94700.0,347200.0,False,0.0,11:02:00
5500.0,100,-300.0,-0.1,BU,94600.0,347200.0,False,0.0,10:59:41
5500.0,200,-300.0,-0.1,BU,94500.0,347200.0,False,0.0,10:59:36
5500.0,2300,-300.0,-0.1,BU,94300.0,347200.0,False,0.0,10:57:00
5500.0,1000,-300.0,-0.1,BU,92000.0,347200.0,False,0.0,10:56:01
5500.0,1100,-300.0,-0.1,BU,91000.0,347200.0,False,0.0,10:55:04
5500.0,900,-300.0,-0.1,BU,89900.0,347200.0,False,0.0,10:53:24
5500.0,4100,-300.0,-0.1,BU,89000.0,347200.0,False,0.0,10:53:22
5500.0,600,-300.0,-0.1,BU,84900.0,347200.0,False,0.0,10:52:14
5500.0,4200,-300.0,-0.1,BU,84300.0,347200.0,False,0.0,10:50:42
5500.0,17700,-300.0,-0.1,BU,80100.0,347200.0,False,0.0,10:50:38
5500.0,200,-300.0,-0.1,BU,62400.0,347200.0,False,0.0,10:47:43
5500.0,100,-300.0,-0.1,BU,62200.0,347200.0,False,100.0,10:46:39
5400.0,1900,-400.0,-0.1,SD,62100.0,347200.0,False,-100.0,10:46:26
5500.0,2000,-300.0,-0.1,BU,62100.0,345300.0,False,0.0,10:42:19
5500.0,8000,-300.0,-0.1,BU,60100.0,345300.0,False,0.0,10:41:21
5500.0,100,-300.0,-0.1,BU,52100.0,345300.0,False,100.0,10:39:25
5400.0,5800,-400.0,-0.1,SD,52000.0,345300.0,False,0.0,10:39:10
5400.0,32700,-400.0,-0.1,SD,52000.0,339500.0,False,-100.0,10:37:43
5500.0,1000,-300.0,-0.1,BU,52000.0,306800.0,False,0.0,10:30:04
5500.0,66100,-300.0,-0.1,SD,51000.0,306800.0,True,0.0,10:27:20
5500.0,500,-300.0,-0.1,SD,51000.0,240700.0,False,0.0,10:26:53
5500.0,1000,-300.0,-0.1,SD,51000.0,240200.0,False,0.0,10:25:34
5500.0,200,-300.0,-0.1,SD,51000.0,239200.0,False,0.0,10:24:33
5500.0,1000,-300.0,-0.1,SD,51000.0,239000.0,False,0.0,10:24:15
5500.0,1100,-300.0,-0.1,SD,51000.0,238000.0,False,0.0,10:23:17
5500.0,3000,-300.0,-0.1,SD,51000.0,236900.0,False,0.0,10:23:00
5500.0,40000,-300.0,-0.1,SD,51000.0,233900.0,True,0.0,10:22:50
5500.0,1000,-300.0,-0.1,SD,51000.0,193900.0,False,-100.0,10:19:25
5600.0,200,-200.0,0.0,BU,51000.0,192900.0,False,0.0,10:05:48
5600.0,6400,-200.0,0.0,BU,50800.0,192900.0,False,0.0,10:05:12
5600.0,1000,-200.0,0.0,BU,44400.0,192900.0,False,0.0,10:02:26
5600.0,5000,-200.0,0.0,BU,43400.0,192900.0,False,0.0,10:01:44
5600.0,100,-200.0,0.0,BU,38400.0,192900.0,False,0.0,09:54:50
5600.0,2200,-200.0,0.0,BU,38300.0,192900.0,False,0.0,09:49:30
5600.0,200,-200.0,0.0,BU,36100.0,192900.0,False,0.0,09:49:28
5600.0,100,-200.0,0.0,BU,35900.0,192900.0,False,0.0,09:47:57
5600.0,1000,-200.0,0.0,BU,35800.0,192900.0,False,0.0,09:46:47
5600.0,200,-200.0,0.0,BU,34800.0,192900.0,False,0.0,09:46:19
5600.0,100,-200.0,0.0,BU,34600.0,192900.0,False,0.0,09:43:58
5600.0,400,-200.0,0.0,BU,34500.0,192900.0,False,0.0,09:42:59
5600.0,1200,-200.0,0.0,BU,34100.0,192900.0,False,0.0,09:40:04
5600.0,39800,-200.0,0.0,SD,32900.0,192900.0,True,0.0,09:36:44
5600.0,100,-200.0,0.0,BU,32900.0,153100.0,False,0.0,09:34:37
5600.0,100,-200.0,0.0,BU,32800.0,153100.0,False,0.0,09:33:13
5600.0,200,-200.0,0.0,BU,32700.0,153100.0,False,0.0,09:33:00
5600.0,300,-200.0,0.0,BU,32500.0,153100.0,False,0.0,09:32:56
5600.0,1000,-200.0,0.0,BU,32200.0,153100.0,False,0.0,09:32:20
5600.0,2000,-200.0,0.0,BU,31200.0,153100.0,False,0.0,09:32:15
5600.0,1000,-200.0,0.0,BU,29200.0,153100.0,False,0.0,09:31:47
5600.0,500,-200.0,0.0,BU,28200.0,153100.0,False,0.0,09:30:19
5600.0,100,-200.0,0.0,BU,27700.0,153100.0,False,0.0,09:30:18
5600.0,1000,-200.0,0.0,BU,27600.0,153100.0,False,0.0,09:29:27
5600.0,100,-200.0,0.0,BU,26600.0,153100.0,False,0.0,09:28:58
5600.0,1200,-200.0,0.0,BU,26500.0,153100.0,False,0.0,09:27:07
5600.0,3000,-200.0,0.0,BU,25300.0,153100.0,False,0.0,09:26:55
5600.0,10000,-200.0,0.0,BU,22300.0,153100.0,False,0.0,09:25:00
5600.0,100,-200.0,0.0,BU,12300.0,153100.0,False,100.0,09:24:03
5500.0,200,-300.0,-0.1,SD,12200.0,153100.0,False,0.0,09:23:45
5500.0,300,-300.0,-0.1,SD,12200.0,152900.0,False,0.0,09:19:06
5500.0,20000,-300.0,-0.1,SD,12200.0,152600.0,False,0.0,09:18:14
5500.0,10000,-300.0,-0.1,SD,12200.0,132600.0,False,-200.0,09:17:50
5700.0,100,-100.0,0.0,BU,12200.0,122600.0,False,0.0,09:15:38
5700.0,100,-100.0,0.0,BU,12100.0,122600.0,False,100.0,09:13:56
5600.0,10000,-200.0,0.0,BU,12000.0,122600.0,False,-100.0,09:13:46
5700.0,100,-100.0,0.0,BU,2000.0,122600.0,False,200.0,09:11:39
5500.0,31900,-300.0,-0.1,SD,1900.0,122600.0,False,0.0,09:11:09
5500.0,50000,-300.0,-0.1,SD,1900.0,90700.0,True,-100.0,09:10:19
5600.0,18100,-200.0,0.0,SD,1900.0,40700.0,False,0.0,09:08:42
5600.0,400,-200.0,0.0,SD,1900.0,22600.0,False,0.0,09:06:40
5600.0,20000,-200.0,0.0,SD,1900.0,22200.0,False,0.0,09:04:00
5600.0,400,-200.0,0.0,SD,1900.0,2200.0,False,0.0,09:02:49
5600.0,400,-200.0,0.0,SD,1900.0,1800.0,False,0.0,09:02:34
5600.0,1000,-200.0,0.0,SD,1900.0,1400.0,False,0.0,09:02:30
5600.0,400,-200.0,0.0,SD,1900.0,400.0,False,-100.0,09:02:20
5700.0,300,-100.0,0.0,BU,1900.0,0.0,False,-100.0,09:00:33
5800.0,1200,0.0,0.0,BU,1600.0,0.0,False,0.0,09:00:09
5800.0,300,0.0,0.0,BU,400.0,0.0,False,0.0,09:00:05
5800.0,100,0.0,0.0,BU,100.0,0.0,False,0.0,09:00:02
