p,v,cp,rcp,a,ba,sa,hl,pcp,t
28000.0,18700,-800.0,0.0,,32500.0,114900.0,False,-200.0,14:45:00
28200.0,1000,-600.0,0.0,SD,32500.0,114900.0,False,0.0,14:29:45
28200.0,100,-600.0,0.0,SD,32500.0,113900.0,False,0.0,14:28:57
28200.0,1700,-600.0,0.0,SD,32500.0,113800.0,False,0.0,14:28:31
28200.0,1000,-600.0,0.0,SD,32500.0,112100.0,False,0.0,14:28:12
28200.0,100,-600.0,0.0,SD,32500.0,111100.0,False,0.0,14:28:12
28200.0,200,-600.0,0.0,SD,32500.0,111000.0,False,50.0,14:28:12
28150.0,800,-650.0,0.0,SD,32500.0,110800.0,False,-50.0,14:25:30
28200.0,200,-600.0,0.0,SD,32500.0,110000.0,False,50.0,14:25:30
28150.0,11000,-650.0,0.0,SD,32500.0,109800.0,True,-50.0,14:24:51
28200.0,500,-600.0,0.0,SD,32500.0,98800.0,False,0.0,14:24:51
28200.0,500,-600.0,0.0,SD,32500.0,98300.0,False,0.0,14:24:51
28200.0,1000,-600.0,0.0,SD,32500.0,97800.0,False,-200.0,14:24:02
28400.0,300,-400.0,0.0,BU,32500.0,96800.0,False,0.0,14:22:35
28400.0,500,-400.0,0.0,BU,32200.0,96800.0,False,50.0,14:22:02
28350.0,100,-450.0,0.0,BU,31700.0,96800.0,False,200.0,14:21:38
28150.0,7600,-650.0,0.0,SD,31600.0,96800.0,True,-50.0,14:21:16
28200.0,400,-600.0,0.0,SD,31600.0,89200.0,False,0.0,14:21:16
28200.0,600,-600.0,0.0,SD,31600.0,88800.0,False,0.0,14:21:15
28200.0,100,-600.0,0.0,SD,31600.0,88200.0,False,-200.0,14:21:15
28400.0,100,-400.0,0.0,SD,31600.0,88100.0,False,0.0,14:20:30
28400.0,500,-400.0,0.0,SD,31600.0,88000.0,False,0.0,14:20:30
28400.0,1000,-400.0,0.0,SD,31600.0,87500.0,False,0.0,14:20:30
28400.0,100,-400.0,0.0,SD,31600.0,86500.0,False,0.0,14:20:30
28400.0,100,-400.0,0.0,SD,31600.0,86400.0,False,0.0,14:20:30
28400.0,200,-400.0,0.0,SD,31600.0,86300.0,False,0.0,14:20:30
28400.0,1000,-400.0,0.0,SD,31600.0,86100.0,False,0.0,14:20:30
28400.0,100,-400.0,0.0,SD,31600.0,85100.0,False,0.0,14:20:30
28400.0,900,-400.0,0.0,SD,31600.0,85000.0,False,-50.0,14:20:30
28450.0,200,-350.0,0.0,SD,31600.0,84100.0,False,0.0,14:20:27
28450.0,100,-350.0,0.0,SD,31600.0,83900.0,False,0.0,14:20:27
28450.0,1000,-350.0,0.0,SD,31600.0,83800.0,False,-50.0,14:20:27
28500.0,100,-300.0,0.0,SD,31600.0,82800.0,False,0.0,14:19:48
28500.0,900,-300.0,0.0,SD,31600.0,82700.0,False,0.0,14:19:45
28500.0,100,-300.0,0.0,SD,31600.0,81800.0,False,0.0,14:19:45
28500.0,200,-300.0,0.0,SD,31600.0,81700.0,False,0.0,14:19:45
28500.0,100,-300.0,0.0,SD,31600.0,81500.0,False,0.0,14:19:45
28500.0,1700,-300.0,0.0,SD,31600.0,81400.0,False,-50.0,14:19:45
28550.0,100,-250.0,0.0,BU,31600.0,79700.0,False,0.0,14:18:33
28550.0,100,-250.0,0.0,BU,31500.0,79700.0,False,0.0,14:18:33
28550.0,500,-250.0,0.0,BU,31400.0,79700.0,False,0.0,14:18:33
28550.0,100,-250.0,0.0,BU,30900.0,79700.0,False,0.0,14:18:33
28550.0,100,-250.0,0.0,BU,30800.0,79700.0,False,0.0,14:18:33
28550.0,200,-250.0,0.0,SD,30700.0,79700.0,False,0.0,14:18:27
28550.0,1000,-250.0,0.0,SD,30700.0,79500.0,False,0.0,14:18:27
28550.0,1000,-250.0,0.0,SD,30700.0,78500.0,False,0.0,14:18:27
28550.0,800,-250.0,0.0,SD,30700.0,77500.0,False,0.0,14:18:27
28550.0,3000,-250.0,0.0,SD,30700.0,76700.0,False,-50.0,14:18:27
28600.0,1300,-200.0,0.0,BU,30700.0,73700.0,False,0.0,14:17:24
28600.0,300,-200.0,0.0,BU,29400.0,73700.0,False,0.0,14:17:24
28600.0,100,-200.0,0.0,SD,29100.0,73700.0,False,-150.0,14:16:30
28750.0,300,-50.0,0.0,BU,29100.0,73600.0,False,0.0,14:11:20
28750.0,1500,-50.0,0.0,BU,28800.0,73600.0,False,0.0,14:11:20
28750.0,200,-50.0,0.0,BU,27300.0,73600.0,False,0.0,14:11:20
28750.0,900,-50.0,0.0,BU,27100.0,73600.0,False,200.0,14:11:20
28550.0,100,-250.0,0.0,SD,26200.0,73600.0,False,0.0,14:06:42
28550.0,100,-250.0,0.0,SD,26200.0,73500.0,False,-50.0,14:04:26
28600.0,900,-200.0,0.0,BU,26200.0,73400.0,False,0.0,14:03:58
28600.0,100,-200.0,0.0,SD,25300.0,73400.0,False,50.0,14:03:27
28550.0,100,-250.0,0.0,SD,25300.0,73300.0,False,-50.0,14:00:19
28600.0,100,-200.0,0.0,BU,25300.0,73200.0,False,0.0,13:59:44
28600.0,600,-200.0,0.0,SD,25200.0,73200.0,False,0.0,13:56:47
28600.0,200,-200.0,0.0,SD,25200.0,72600.0,False,0.0,13:56:47
28600.0,200,-200.0,0.0,SD,25200.0,72400.0,False,-100.0,13:52:53
28700.0,500,-100.0,0.0,BU,25200.0,72200.0,False,0.0,13:52:53
28700.0,100,-100.0,0.0,SD,24700.0,72200.0,False,0.0,13:50:20
28700.0,200,-100.0,0.0,BU,24700.0,72100.0,False,0.0,13:47:35
28700.0,100,-100.0,0.0,BU,24500.0,72100.0,False,0.0,13:45:01
28700.0,2000,-100.0,0.0,BU,24400.0,72100.0,False,150.0,13:43:28
28550.0,100,-250.0,0.0,SD,22400.0,72100.0,False,0.0,13:38:19
28550.0,100,-250.0,0.0,SD,22400.0,72000.0,False,-50.0,13:38:19
28600.0,1800,-200.0,0.0,BU,22400.0,71900.0,False,0.0,13:38:11
28600.0,200,-200.0,0.0,SD,20600.0,71900.0,False,0.0,13:37:29
28600.0,200,-200.0,0.0,SD,20600.0,71700.0,False,-100.0,13:35:15
28700.0,100,-100.0,0.0,BU,20600.0,71500.0,False,0.0,13:28:21
28700.0,100,-100.0,0.0,BU,20500.0,71500.0,False,200.0,13:21:58
28500.0,7700,-300.0,0.0,SD,20400.0,71500.0,True,0.0,13:21:28
28500.0,100,-300.0,0.0,SD,20400.0,63800.0,False,0.0,13:21:28
28500.0,10000,-300.0,0.0,SD,20400.0,63700.0,True,0.0,13:21:28
28500.0,1000,-300.0,0.0,SD,20400.0,53700.0,False,-50.0,13:21:28
28550.0,1000,-250.0,0.0,BU,20400.0,52700.0,False,0.0,13:21:28
28550.0,200,-250.0,0.0,BU,19400.0,52700.0,False,-50.0,13:21:28
28600.0,300,-200.0,0.0,BU,19200.0,52700.0,False,0.0,13:21:03
28600.0,100,-200.0,0.0,SD,18900.0,52700.0,False,0.0,13:21:01
28600.0,100,-200.0,0.0,SD,18900.0,52600.0,False,0.0,13:20:48
28600.0,100,-200.0,0.0,SD,18900.0,52500.0,False,0.0,13:20:48
28600.0,300,-200.0,0.0,SD,18900.0,52400.0,False,-100.0,13:20:48
28700.0,100,-100.0,0.0,BU,18900.0,52100.0,False,0.0,13:17:17
28700.0,1000,-100.0,0.0,SD,18800.0,52100.0,False,-50.0,13:03:45
28750.0,600,-50.0,0.0,SD,18800.0,51100.0,False,-50.0,13:01:23
28800.0,1300,0.0,0.0,BU,18800.0,50500.0,False,-50.0,13:00:15
28850.0,500,50.0,0.0,BU,17500.0,50500.0,False,0.0,13:00:00
28850.0,1500,50.0,0.0,BU,17000.0,50500.0,False,50.0,11:29:17
28800.0,500,0.0,0.0,BU,15500.0,50500.0,False,0.0,11:29:17
28800.0,2000,0.0,0.0,SD,15000.0,50500.0,False,-50.0,11:22:40
28850.0,1000,50.0,0.0,BU,15000.0,48500.0,False,0.0,11:17:03
28850.0,100,50.0,0.0,BU,14000.0,48500.0,False,0.0,11:16:26
28850.0,500,50.0,0.0,BU,13900.0,48500.0,False,0.0,11:16:06
28850.0,600,50.0,0.0,BU,13400.0,48500.0,False,50.0,11:16:06
28800.0,100,0.0,0.0,BU,12800.0,48500.0,False,0.0,11:16:06
28750.0,500,-50.0,0.0,BU,8700.0,39600.0,False,0.0,11:14:25
28750.0,100,-50.0,0.0,BU,8200.0,39600.0,False,0.0,11:14:25
28750.0,100,-50.0,0.0,BU,8100.0,39600.0,False,0.0,11:11:31
28750.0,900,-50.0,0.0,BU,8000.0,39600.0,False,150.0,11:11:31
28600.0,200,-200.0,0.0,SD,7100.0,39600.0,False,0.0,11:07:14
28600.0,500,-200.0,0.0,SD,7100.0,39400.0,False,-150.0,11:05:43
28750.0,100,-50.0,0.0,BU,7100.0,38900.0,False,200.0,10:48:24
28550.0,100,-250.0,0.0,SD,7000.0,38900.0,False,-200.0,10:47:49
28750.0,100,-50.0,0.0,BU,7000.0,38800.0,False,250.0,10:40:47
28500.0,2000,-300.0,0.0,SD,6900.0,38800.0,False,0.0,10:39:55
28500.0,100,-300.0,0.0,SD,6900.0,36800.0,False,0.0,10:39:55
28500.0,500,-300.0,0.0,SD,6900.0,36700.0,False,0.0,10:39:55
28500.0,1000,-300.0,0.0,SD,6900.0,36200.0,False,0.0,10:39:55
28500.0,100,-300.0,0.0,SD,6900.0,35200.0,False,0.0,10:39:55
28500.0,9300,-300.0,0.0,SD,6900.0,35100.0,True,-50.0,10:39:55
28550.0,1000,-250.0,0.0,SD,6900.0,25800.0,False,-200.0,10:39:55
28750.0,100,-50.0,0.0,BU,6900.0,24800.0,False,250.0,10:34:39
28500.0,700,-300.0,0.0,SD,6800.0,24800.0,False,0.0,10:34:17
28500.0,100,-300.0,0.0,SD,6800.0,24100.0,False,-50.0,10:34:17
28550.0,1000,-250.0,0.0,SD,6800.0,24000.0,False,0.0,10:34:17
28550.0,700,-250.0,0.0,SD,6800.0,23000.0,False,-50.0,10:34:17
28600.0,200,-200.0,0.0,SD,6800.0,22300.0,False,0.0,10:34:17
28600.0,100,-200.0,0.0,SD,6800.0,22100.0,False,0.0,10:34:17
28600.0,100,-200.0,0.0,SD,6800.0,22000.0,False,0.0,10:34:17
28600.0,300,-200.0,0.0,SD,6800.0,21900.0,False,0.0,10:34:17
28600.0,400,-200.0,0.0,SD,6800.0,21600.0,False,-150.0,10:34:17
28750.0,100,-50.0,0.0,BU,6800.0,21200.0,False,50.0,10:33:18
28700.0,1000,-100.0,0.0,BU,6700.0,21200.0,False,100.0,10:33:18
28600.0,600,-200.0,0.0,SD,5700.0,21200.0,False,0.0,10:26:22
28600.0,300,-200.0,0.0,SD,5700.0,20600.0,False,0.0,10:26:22
28600.0,100,-200.0,0.0,SD,5700.0,20300.0,False,-150.0,10:26:22
28750.0,100,-50.0,0.0,BU,5700.0,20200.0,False,0.0,10:25:37
28750.0,100,-50.0,0.0,BU,5600.0,20200.0,False,200.0,10:17:34
28550.0,300,-250.0,0.0,SD,5500.0,20200.0,False,-150.0,10:16:59
28700.0,100,-100.0,0.0,BU,5500.0,19900.0,False,150.0,10:15:31
28550.0,100,-250.0,0.0,SD,5400.0,19900.0,False,0.0,10:15:02
28550.0,2000,-250.0,0.0,SD,5400.0,19800.0,False,0.0,10:15:02
28550.0,2000,-250.0,0.0,SD,5400.0,17800.0,False,-50.0,10:15:02
28600.0,300,-200.0,0.0,BU,5400.0,15800.0,False,0.0,10:15:02
28600.0,600,-200.0,0.0,BU,5100.0,15800.0,False,-100.0,10:15:02
28700.0,500,-100.0,0.0,BU,4500.0,15800.0,False,0.0,10:03:54
28700.0,100,-100.0,0.0,BU,4000.0,15800.0,False,0.0,10:03:54
28700.0,100,-100.0,0.0,BU,3900.0,15800.0,False,100.0,10:03:54
28600.0,600,-200.0,0.0,BU,3800.0,15800.0,False,0.0,10:01:57
28600.0,100,-200.0,0.0,SD,3200.0,15800.0,False,0.0,10:01:37
28600.0,100,-200.0,0.0,SD,3200.0,15700.0,False,0.0,10:01:37
28600.0,500,-200.0,0.0,SD,3200.0,15600.0,False,0.0,10:01:37
28600.0,200,-200.0,0.0,SD,3200.0,15100.0,False,0.0,10:01:37
28600.0,600,-200.0,0.0,SD,3200.0,14900.0,False,0.0,09:52:31
28600.0,400,-200.0,0.0,SD,3200.0,14300.0,False,0.0,09:52:09
28600.0,1600,-200.0,0.0,SD,3200.0,13900.0,False,0.0,09:52:00
28600.0,400,-200.0,0.0,SD,3200.0,12300.0,False,0.0,09:52:00
28600.0,500,-200.0,0.0,SD,3200.0,11900.0,False,0.0,09:51:35
28600.0,1300,-200.0,0.0,SD,3200.0,11400.0,False,0.0,09:50:53
28600.0,100,-200.0,0.0,SD,3200.0,10100.0,False,0.0,09:50:53
28600.0,200,-200.0,0.0,SD,3200.0,10000.0,False,0.0,09:50:53
28600.0,900,-200.0,0.0,SD,3200.0,9800.0,False,0.0,09:49:40
28600.0,800,-200.0,0.0,SD,3200.0,8900.0,False,0.0,09:49:40
28600.0,100,-200.0,0.0,SD,3200.0,8100.0,False,0.0,09:49:40
28600.0,200,-200.0,0.0,SD,3200.0,8000.0,False,-50.0,09:49:40
28650.0,100,-150.0,0.0,SD,3200.0,7800.0,False,0.0,09:49:40
28650.0,900,-150.0,0.0,SD,3200.0,7700.0,False,0.0,09:49:40
28650.0,100,-150.0,0.0,BU,3200.0,6800.0,False,0.0,09:47:36
28650.0,1000,-150.0,0.0,BU,3100.0,6800.0,False,0.0,09:47:13
28650.0,200,-150.0,0.0,SD,2100.0,6800.0,False,0.0,09:46:46
28650.0,500,-150.0,0.0,SD,2100.0,6600.0,False,0.0,09:41:04
28650.0,3000,-150.0,0.0,SD,2100.0,6100.0,False,-50.0,09:41:04
28700.0,300,-100.0,0.0,SD,2100.0,3100.0,False,0.0,09:41:04
28700.0,100,-100.0,0.0,SD,2100.0,2800.0,False,0.0,09:41:04
28700.0,100,-100.0,0.0,SD,2100.0,2700.0,False,-150.0,09:41:04
28850.0,100,50.0,0.0,BU,2100.0,2600.0,False,50.0,09:39:17
28800.0,300,0.0,0.0,BU,2000.0,2600.0,False,-50.0,09:39:17
28850.0,300,50.0,0.0,SD,1700.0,2600.0,False,-100.0,09:33:35
28950.0,100,150.0,0.0,BU,1700.0,2300.0,False,100.0,09:29:19
28850.0,100,50.0,0.0,SD,1600.0,2300.0,False,0.0,09:29:07
28850.0,500,50.0,0.0,BU,1600.0,2200.0,False,-50.0,09:28:12
28900.0,100,100.0,0.0,BU,1100.0,2200.0,False,0.0,09:27:26
28900.0,100,100.0,0.0,BU,1000.0,2200.0,False,0.0,09:27:26
28900.0,200,100.0,0.0,BU,900.0,2200.0,False,0.0,09:27:26
28900.0,200,100.0,0.0,BU,700.0,2200.0,False,0.0,09:27:26
28900.0,100,100.0,0.0,BU,500.0,2200.0,False,200.0,09:27:04
28700.0,400,-100.0,0.0,SD,400.0,2200.0,False,0.0,09:18:31
28700.0,100,-100.0,0.0,SD,400.0,1800.0,False,0.0,09:18:31
28700.0,100,-100.0,0.0,SD,400.0,1700.0,False,-100.0,09:17:20
28800.0,1600,0.0,0.0,SD,400.0,1600.0,False,0.0,09:16:13
28800.0,100,0.0,0.0,BU,400.0,0.0,False,0.0,09:15:55
28800.0,200,0.0,0.0,BU,300.0,0.0,False,0.0,09:15:55
28800.0,100,0.0,0.0,BU,100.0,0.0,False,200.0,09:15:55
28600.0,100,-200.0,0.0,,0.0,0.0,False,0.0,09:15:00
