p,v,cp,rcp,a,ba,sa,hl,pcp,t
22300.0,362100,-400.0,0.0,,2591400.0,2688900.0,False,-400.0,14:45:01
22700.0,400,0.0,0.0,BU,2591400.0,2688900.0,False,100.0,14:29:46
22600.0,100,-100.0,0.0,SD,2591000.0,2688900.0,False,0.0,14:29:38
22600.0,4000,-100.0,0.0,SD,2591000.0,2688800.0,False,-100.0,14:29:37
22700.0,100,0.0,0.0,BU,2591000.0,2684800.0,False,0.0,14:29:34
22700.0,200,0.0,0.0,BU,2590900.0,2684800.0,False,100.0,14:29:25
22600.0,500,-100.0,0.0,SD,2590700.0,2684800.0,False,-100.0,14:29:08
22700.0,100,0.0,0.0,BU,2590700.0,2684300.0,False,0.0,14:29:00
22700.0,3000,0.0,0.0,BU,2590600.0,2684300.0,False,0.0,14:28:58
22700.0,400,0.0,0.0,BU,2587600.0,2684300.0,False,0.0,14:28:58
22700.0,1500,0.0,0.0,BU,2587200.0,2684300.0,False,0.0,14:28:58
22700.0,2000,0.0,0.0,BU,2585700.0,2684300.0,False,0.0,14:28:58
22700.0,1300,0.0,0.0,BU,2583700.0,2684300.0,False,0.0,14:28:58
22700.0,900,0.0,0.0,BU,2582400.0,2684300.0,False,0.0,14:28:58
22700.0,5000,0.0,0.0,BU,2581500.0,2684300.0,False,50.0,14:28:58
22650.0,1000,-50.0,0.0,BU,2576500.0,2684300.0,False,50.0,14:28:58
22600.0,2000,-100.0,0.0,BU,2575500.0,2684300.0,False,0.0,14:28:58
22600.0,100,-100.0,0.0,BU,2573500.0,2684300.0,False,0.0,14:28:58
22600.0,1500,-100.0,0.0,BU,2573400.0,2684300.0,False,0.0,14:28:58
22600.0,300,-100.0,0.0,BU,2571900.0,2684300.0,False,0.0,14:28:58
22600.0,1000,-100.0,0.0,BU,2571600.0,2684300.0,False,100.0,14:28:58
22500.0,300,-200.0,0.0,SD,2570600.0,2684300.0,False,0.0,14:28:50
22500.0,3800,-200.0,0.0,SD,2570600.0,2684000.0,False,-50.0,14:28:50
22550.0,300,-150.0,0.0,SD,2570600.0,2680200.0,False,0.0,14:28:50
22550.0,200,-150.0,0.0,BU,2570600.0,2679900.0,False,0.0,14:28:45
22550.0,200,-150.0,0.0,SD,2570400.0,2679900.0,False,0.0,14:28:43
22550.0,500,-150.0,0.0,SD,2570400.0,2679700.0,False,0.0,14:28:43
22550.0,100,-150.0,0.0,SD,2570400.0,2679200.0,False,0.0,14:28:43
22550.0,100,-150.0,0.0,SD,2570400.0,2679100.0,False,0.0,14:28:41
22550.0,1300,-150.0,0.0,SD,2570400.0,2679000.0,False,0.0,14:28:23
22550.0,1500,-150.0,0.0,SD,2570400.0,2677700.0,False,50.0,14:28:08
22500.0,1000,-200.0,0.0,SD,2570400.0,2676200.0,False,-50.0,14:28:07
22550.0,500,-150.0,0.0,BU,2570400.0,2675200.0,False,0.0,14:28:05
22550.0,1000,-150.0,0.0,BU,2569900.0,2675200.0,False,50.0,14:28:04
22500.0,2000,-200.0,0.0,SD,2568900.0,2675200.0,False,0.0,14:27:58
22500.0,3000,-200.0,0.0,BU,2568900.0,2673200.0,False,0.0,14:27:53
22500.0,600,-200.0,0.0,BU,2565900.0,2673200.0,False,0.0,14:27:53
22500.0,3000,-200.0,0.0,BU,2565300.0,2673200.0,False,0.0,14:27:53
22500.0,400,-200.0,0.0,BU,2562300.0,2673200.0,False,0.0,14:27:53
22500.0,6200,-200.0,0.0,BU,2561900.0,2673200.0,False,0.0,14:27:53
22500.0,6000,-200.0,0.0,BU,2555700.0,2673200.0,False,0.0,14:27:53
22500.0,10000,-200.0,0.0,BU,2549700.0,2673200.0,True,0.0,14:27:52
22500.0,500,-200.0,0.0,BU,2539700.0,2673200.0,False,0.0,14:27:47
22500.0,2000,-200.0,0.0,BU,2539200.0,2673200.0,False,0.0,14:27:41
22500.0,3000,-200.0,0.0,BU,2537200.0,2673200.0,False,0.0,14:27:41
22500.0,100,-200.0,0.0,BU,2534200.0,2673200.0,False,50.0,14:27:37
22450.0,1000,-250.0,0.0,SD,2534100.0,2673200.0,False,-50.0,14:27:32
22500.0,100,-200.0,0.0,BU,2534100.0,2672200.0,False,0.0,14:27:31
22500.0,30000,-200.0,0.0,BU,2534000.0,2672200.0,True,0.0,14:27:28
22500.0,300,-200.0,0.0,BU,2504000.0,2672200.0,False,0.0,14:27:27
22500.0,900,-200.0,0.0,BU,2503700.0,2672200.0,False,0.0,14:27:26
22500.0,100,-200.0,0.0,BU,2502800.0,2672200.0,False,0.0,14:27:23
22500.0,100,-200.0,0.0,BU,2502700.0,2672200.0,False,0.0,14:27:23
22500.0,5000,-200.0,0.0,BU,2502600.0,2672200.0,False,0.0,14:27:18
22500.0,100,-200.0,0.0,BU,2497600.0,2672200.0,False,0.0,14:27:17
22500.0,5000,-200.0,0.0,BU,2497500.0,2672200.0,False,0.0,14:27:14
22500.0,300,-200.0,0.0,BU,2492500.0,2672200.0,False,0.0,14:27:11
22500.0,2500,-200.0,0.0,BU,2492200.0,2672200.0,False,0.0,14:27:08
22500.0,5500,-200.0,0.0,BU,2489700.0,2672200.0,False,0.0,14:27:02
22500.0,4000,-200.0,0.0,BU,2484200.0,2672200.0,False,50.0,14:27:02
22450.0,500,-250.0,0.0,BU,2480200.0,2672200.0,False,0.0,14:27:02
22450.0,500,-250.0,0.0,BU,2479700.0,2672200.0,False,0.0,14:26:59
22450.0,500,-250.0,0.0,BU,2479200.0,2672200.0,False,0.0,14:26:59
22450.0,300,-250.0,0.0,BU,2478700.0,2672200.0,False,0.0,14:26:57
22450.0,100,-250.0,0.0,BU,2478400.0,2672200.0,False,0.0,14:26:56
22450.0,100,-250.0,0.0,BU,2478300.0,2672200.0,False,50.0,14:26:50
22400.0,400,-300.0,0.0,SD,2478200.0,2672200.0,False,0.0,14:26:47
22400.0,500,-300.0,0.0,SD,2478200.0,2671800.0,False,0.0,14:26:47
22400.0,100,-300.0,0.0,SD,2478200.0,2671300.0,False,0.0,14:26:47
22400.0,900,-300.0,0.0,BU,2478200.0,2671200.0,False,0.0,14:26:30
22400.0,300,-300.0,0.0,BU,2477300.0,2671200.0,False,0.0,14:26:26
22400.0,200,-300.0,0.0,BU,2477000.0,2671200.0,False,50.0,14:26:26
22350.0,1000,-350.0,0.0,SD,2476800.0,2671200.0,False,0.0,14:26:22
22350.0,6500,-350.0,0.0,BU,2476800.0,2670200.0,False,0.0,14:26:18
22350.0,20000,-350.0,0.0,BU,2470300.0,2670200.0,True,0.0,14:26:16
22350.0,5200,-350.0,0.0,BU,2450300.0,2670200.0,False,0.0,14:26:14
22350.0,100,-350.0,0.0,BU,2445100.0,2670200.0,False,50.0,14:26:10
22300.0,100,-400.0,0.0,SD,2445000.0,2670200.0,False,-50.0,14:26:09
22350.0,500,-350.0,0.0,BU,2445000.0,2670100.0,False,50.0,14:26:09
22300.0,200,-400.0,0.0,SD,2444500.0,2670100.0,False,-50.0,14:26:05
22350.0,2900,-350.0,0.0,BU,2444500.0,2669900.0,False,0.0,14:26:03
22350.0,1300,-350.0,0.0,BU,2441600.0,2669900.0,False,0.0,14:26:03
22350.0,200,-350.0,0.0,BU,2440300.0,2669900.0,False,0.0,14:26:03
22350.0,600,-350.0,0.0,BU,2440100.0,2669900.0,False,50.0,14:26:03
22300.0,500,-400.0,0.0,BU,2439500.0,2669900.0,False,0.0,14:26:02
22300.0,1400,-400.0,0.0,BU,2439000.0,2669900.0,False,0.0,14:26:00
22300.0,500,-400.0,0.0,BU,2437600.0,2669900.0,False,0.0,14:26:00
22300.0,400,-400.0,0.0,BU,2437100.0,2669900.0,False,0.0,14:26:00
22300.0,27700,-400.0,0.0,BU,2436700.0,2669900.0,True,0.0,14:26:00
22300.0,100,-400.0,0.0,BU,2409000.0,2669900.0,False,0.0,14:25:51
22300.0,500,-400.0,0.0,BU,2408900.0,2669900.0,False,0.0,14:25:50
22300.0,1800,-400.0,0.0,BU,2408400.0,2669900.0,False,0.0,14:25:46
22300.0,100,-400.0,0.0,BU,2406600.0,2669900.0,False,0.0,14:25:42
22300.0,100,-400.0,0.0,BU,2406500.0,2669900.0,False,50.0,14:25:36
22250.0,1200,-450.0,0.0,BU,2406400.0,2669900.0,False,0.0,14:25:21
22250.0,200,-450.0,0.0,BU,2405200.0,2669900.0,False,0.0,14:25:21
22250.0,800,-450.0,0.0,BU,2405000.0,2669900.0,False,0.0,14:25:21
22250.0,1300,-450.0,0.0,BU,2404200.0,2669900.0,False,0.0,14:25:21
22250.0,100,-450.0,0.0,BU,2402900.0,2669900.0,False,0.0,14:25:18
22250.0,400,-450.0,0.0,BU,2402800.0,2669900.0,False,0.0,14:25:17
22250.0,1000,-450.0,0.0,BU,2402400.0,2669900.0,False,0.0,14:25:17
22250.0,3600,-450.0,0.0,BU,2401400.0,2669900.0,False,50.0,14:25:17
22200.0,700,-500.0,0.0,SD,2397800.0,2669900.0,False,0.0,14:25:14
22200.0,1000,-500.0,0.0,SD,2397800.0,2669200.0,False,0.0,14:25:14
22200.0,300,-500.0,0.0,SD,2397800.0,2668200.0,False,0.0,14:25:14
22200.0,200,-500.0,0.0,SD,2397800.0,2667900.0,False,-50.0,14:25:06
22250.0,1400,-450.0,0.0,BU,2397800.0,2667700.0,False,0.0,14:24:57
22250.0,6600,-450.0,0.0,BU,2396400.0,2667700.0,False,0.0,14:24:57
22250.0,200,-450.0,0.0,BU,2389800.0,2667700.0,False,0.0,14:24:56
22250.0,1000,-450.0,0.0,SD,2389600.0,2667700.0,False,0.0,14:24:52
22250.0,100,-450.0,0.0,SD,2389600.0,2666700.0,False,0.0,14:24:52
22250.0,5000,-450.0,0.0,SD,2389600.0,2666600.0,False,0.0,14:24:52
22250.0,3000,-450.0,0.0,SD,2389600.0,2661600.0,False,0.0,14:24:52
22250.0,600,-450.0,0.0,SD,2389600.0,2658600.0,False,-50.0,14:24:47
22300.0,1000,-400.0,0.0,BU,2389600.0,2658000.0,False,0.0,14:24:46
22300.0,300,-400.0,0.0,BU,2388600.0,2658000.0,False,50.0,14:24:42
22250.0,1000,-450.0,0.0,SD,2388300.0,2658000.0,False,-50.0,14:24:39
22300.0,600,-400.0,0.0,BU,2388300.0,2657000.0,False,50.0,14:24:37
22250.0,1000,-450.0,0.0,SD,2387700.0,2657000.0,False,0.0,14:24:34
22250.0,400,-450.0,0.0,SD,2387700.0,2656000.0,False,50.0,14:24:34
22200.0,1100,-500.0,0.0,SD,2387700.0,2655600.0,False,0.0,14:24:30
22200.0,3000,-500.0,0.0,SD,2387700.0,2654500.0,False,0.0,14:24:24
22200.0,900,-500.0,0.0,SD,2387700.0,2651500.0,False,0.0,14:24:20
22200.0,200,-500.0,0.0,SD,2387700.0,2650600.0,False,0.0,14:24:20
22200.0,300,-500.0,0.0,SD,2387700.0,2650400.0,False,0.0,14:24:20
22200.0,500,-500.0,0.0,SD,2387700.0,2650100.0,False,0.0,14:24:11
22200.0,1000,-500.0,0.0,SD,2387700.0,2649600.0,False,0.0,14:24:03
22200.0,100,-500.0,0.0,SD,2387700.0,2648600.0,False,0.0,14:24:01
22200.0,500,-500.0,0.0,SD,2387700.0,2648500.0,False,0.0,14:23:59
22200.0,1600,-500.0,0.0,BU,2387700.0,2648000.0,False,0.0,14:23:55
22200.0,500,-500.0,0.0,BU,2386100.0,2648000.0,False,0.0,14:23:54
22200.0,1900,-500.0,0.0,SD,2385600.0,2648000.0,False,0.0,14:23:52
22200.0,7100,-500.0,0.0,BU,2385600.0,2646100.0,False,0.0,14:23:42
22200.0,300,-500.0,0.0,BU,2378500.0,2646100.0,False,0.0,14:23:41
22200.0,2000,-500.0,0.0,BU,2378200.0,2646100.0,False,0.0,14:23:39
22200.0,100,-500.0,0.0,BU,2376200.0,2646100.0,False,0.0,14:23:31
22200.0,500,-500.0,0.0,BU,2376100.0,2646100.0,False,0.0,14:23:30
22200.0,400,-500.0,0.0,BU,2375600.0,2646100.0,False,0.0,14:23:30
22200.0,500,-500.0,0.0,SD,2375200.0,2646100.0,False,0.0,14:23:26
22200.0,2000,-500.0,0.0,SD,2375200.0,2645600.0,False,0.0,14:23:26
22200.0,3000,-500.0,0.0,SD,2375200.0,2643600.0,False,0.0,14:23:26
22200.0,100,-500.0,0.0,SD,2375200.0,2640600.0,False,0.0,14:23:26
22200.0,100,-500.0,0.0,SD,2375200.0,2640500.0,False,0.0,14:23:26
22200.0,300,-500.0,0.0,SD,2375200.0,2640400.0,False,0.0,14:23:26
22200.0,600,-500.0,0.0,SD,2375200.0,2640100.0,False,0.0,14:23:26
22200.0,3000,-500.0,0.0,SD,2375200.0,2639500.0,False,-50.0,14:23:26
22250.0,1000,-450.0,0.0,BU,2375200.0,2636500.0,False,-50.0,14:23:26
22300.0,100,-400.0,0.0,BU,2374200.0,2636500.0,False,0.0,14:23:25
22300.0,100,-400.0,0.0,BU,2374100.0,2636500.0,False,100.0,14:23:15
22200.0,200,-500.0,0.0,SD,2374000.0,2636500.0,False,0.0,14:23:15
22200.0,1800,-500.0,0.0,SD,2374000.0,2636300.0,False,0.0,14:23:15
22200.0,3100,-500.0,0.0,SD,2374000.0,2634500.0,False,0.0,14:23:06
22200.0,500,-500.0,0.0,SD,2374000.0,2631400.0,False,0.0,14:23:06
22200.0,100,-500.0,0.0,SD,2374000.0,2630900.0,False,0.0,14:23:06
22200.0,100,-500.0,0.0,SD,2374000.0,2630800.0,False,0.0,14:23:06
22200.0,200,-500.0,0.0,SD,2374000.0,2630700.0,False,-50.0,14:23:06
22250.0,500,-450.0,0.0,SD,2374000.0,2630500.0,False,0.0,14:23:06
22250.0,1000,-450.0,0.0,SD,2374000.0,2630000.0,False,0.0,14:23:06
22250.0,100,-450.0,0.0,SD,2374000.0,2629000.0,False,0.0,14:23:06
22250.0,200,-450.0,0.0,SD,2374000.0,2628900.0,False,0.0,14:23:06
22250.0,100,-450.0,0.0,SD,2374000.0,2628700.0,False,0.0,14:23:06
22250.0,1000,-450.0,0.0,SD,2374000.0,2628600.0,False,-50.0,14:23:06
22300.0,3800,-400.0,0.0,SD,2374000.0,2627600.0,False,-50.0,14:23:04
22350.0,1500,-350.0,0.0,BU,2374000.0,2623800.0,False,50.0,14:23:03
22300.0,1200,-400.0,0.0,BU,2372500.0,2623800.0,False,0.0,14:23:00
22300.0,300,-400.0,0.0,SD,2371300.0,2623800.0,False,0.0,14:22:59
22300.0,300,-400.0,0.0,SD,2371300.0,2623500.0,False,0.0,14:22:59
22300.0,1000,-400.0,0.0,SD,2371300.0,2623200.0,False,0.0,14:22:59
22300.0,100,-400.0,0.0,SD,2371300.0,2622200.0,False,0.0,14:22:59
22300.0,100,-400.0,0.0,SD,2371300.0,2622100.0,False,0.0,14:22:59
22300.0,500,-400.0,0.0,SD,2371300.0,2622000.0,False,0.0,14:22:59
22300.0,1500,-400.0,0.0,SD,2371300.0,2621500.0,False,0.0,14:22:59
22300.0,300,-400.0,0.0,SD,2371300.0,2620000.0,False,-50.0,14:22:59
22350.0,500,-350.0,0.0,BU,2371300.0,2619700.0,False,50.0,14:22:55
22300.0,500,-400.0,0.0,SD,2370800.0,2619700.0,False,-50.0,14:22:55
22350.0,300,-350.0,0.0,BU,2370800.0,2619200.0,False,50.0,14:22:52
22300.0,500,-400.0,0.0,SD,2370500.0,2619200.0,False,-50.0,14:22:48
22350.0,4700,-350.0,0.0,SD,2370500.0,2618700.0,False,0.0,14:22:45
22350.0,300,-350.0,0.0,SD,2370500.0,2614000.0,False,0.0,14:22:39
22350.0,8000,-350.0,0.0,SD,2370500.0,2613700.0,False,-50.0,14:22:38
22400.0,1000,-300.0,0.0,BU,2370500.0,2605700.0,False,0.0,14:22:35
22400.0,1800,-300.0,0.0,SD,2369500.0,2605700.0,False,0.0,14:22:32
22400.0,300,-300.0,0.0,SD,2369500.0,2603900.0,False,0.0,14:22:32
22400.0,300,-300.0,0.0,SD,2369500.0,2603600.0,False,0.0,14:22:29
22400.0,100,-300.0,0.0,SD,2369500.0,2603300.0,False,0.0,14:22:29
22400.0,200,-300.0,0.0,SD,2369500.0,2603200.0,False,0.0,14:22:28
22400.0,1000,-300.0,0.0,SD,2369500.0,2603000.0,False,-50.0,14:22:20
22450.0,300,-250.0,0.0,SD,2369500.0,2602000.0,False,150.0,14:22:15
22300.0,900,-400.0,0.0,SD,2369500.0,2601700.0,False,0.0,14:22:02
22300.0,200,-400.0,0.0,SD,2369500.0,2600800.0,False,0.0,14:22:02
22300.0,100,-400.0,0.0,SD,2369500.0,2600600.0,False,0.0,14:22:02
22300.0,500,-400.0,0.0,SD,2369500.0,2600500.0,False,-50.0,14:22:02
22350.0,500,-350.0,0.0,SD,2369500.0,2600000.0,False,0.0,14:22:02
22350.0,100,-350.0,0.0,SD,2369500.0,2599500.0,False,0.0,14:22:01
22350.0,100,-350.0,0.0,SD,2369500.0,2599400.0,False,0.0,14:22:01
22350.0,500,-350.0,0.0,SD,2369500.0,2599300.0,False,0.0,14:22:01
22350.0,2300,-350.0,0.0,SD,2369500.0,2598800.0,False,0.0,14:22:01
22350.0,2000,-350.0,0.0,SD,2369500.0,2596500.0,False,-50.0,14:22:00
22400.0,100,-300.0,0.0,BU,2369500.0,2594500.0,False,50.0,14:21:52
22350.0,5000,-350.0,0.0,SD,2369400.0,2594500.0,False,-50.0,14:21:49
22400.0,500,-300.0,0.0,BU,2369400.0,2589500.0,False,-100.0,14:21:49
22500.0,1900,-200.0,0.0,BU,2368900.0,2589500.0,False,0.0,14:21:35
22500.0,1100,-200.0,0.0,BU,2367000.0,2589500.0,False,150.0,14:21:35
22350.0,700,-350.0,0.0,SD,2365900.0,2589500.0,False,-50.0,14:21:33
22400.0,500,-300.0,0.0,SD,2365900.0,2588800.0,False,0.0,14:21:33
22400.0,800,-300.0,0.0,SD,2365900.0,2588300.0,False,0.0,14:21:33
22400.0,200,-300.0,0.0,BU,2365900.0,2587500.0,False,0.0,14:21:26
22400.0,100,-300.0,0.0,BU,2365700.0,2587500.0,False,0.0,14:21:24
22400.0,2500,-300.0,0.0,SD,2365600.0,2587500.0,False,0.0,14:21:24
22400.0,100,-300.0,0.0,SD,2365600.0,2585000.0,False,0.0,14:21:24
22400.0,100,-300.0,0.0,SD,2365600.0,2584900.0,False,0.0,14:21:24
22400.0,400,-300.0,0.0,SD,2365600.0,2584800.0,False,0.0,14:21:18
22400.0,100,-300.0,0.0,SD,2365600.0,2584400.0,False,0.0,14:21:18
22400.0,100,-300.0,0.0,SD,2365600.0,2584300.0,False,0.0,14:21:18
22400.0,3300,-300.0,0.0,SD,2365600.0,2584200.0,False,0.0,14:21:18
22400.0,5000,-300.0,0.0,SD,2365600.0,2580900.0,False,-100.0,14:21:17
22500.0,1000,-200.0,0.0,BU,2365600.0,2575900.0,False,100.0,14:21:08
22400.0,4000,-300.0,0.0,BU,2364600.0,2575900.0,False,0.0,14:20:55
22400.0,17700,-300.0,0.0,BU,2360600.0,2575900.0,True,100.0,14:20:55
22300.0,100,-400.0,0.0,SD,2342900.0,2575900.0,False,0.0,14:20:55
22300.0,100,-400.0,0.0,SD,2342900.0,2575800.0,False,0.0,14:20:55
22300.0,100,-400.0,0.0,SD,2342900.0,2575700.0,False,0.0,14:20:55
22300.0,400,-400.0,0.0,SD,2342900.0,2575600.0,False,0.0,14:20:55
22300.0,1000,-400.0,0.0,SD,2342900.0,2575200.0,False,0.0,14:20:55
22300.0,1100,-400.0,0.0,SD,2342900.0,2574200.0,False,0.0,14:20:55
22300.0,3000,-400.0,0.0,SD,2342900.0,2573100.0,False,0.0,14:20:55
22300.0,100,-400.0,0.0,SD,2342900.0,2570100.0,False,0.0,14:20:55
22300.0,500,-400.0,0.0,SD,2342900.0,2570000.0,False,0.0,14:20:55
22300.0,200,-400.0,0.0,SD,2342900.0,2569500.0,False,0.0,14:20:55
22300.0,300,-400.0,0.0,SD,2342900.0,2569300.0,False,0.0,14:20:55
22300.0,1000,-400.0,0.0,SD,2342900.0,2569000.0,False,0.0,14:20:55
22300.0,1000,-400.0,0.0,SD,2342900.0,2568000.0,False,-50.0,14:20:55
22350.0,1100,-350.0,0.0,SD,2342900.0,2567000.0,False,0.0,14:20:55
22350.0,400,-350.0,0.0,SD,2342900.0,2565900.0,False,0.0,14:20:53
22350.0,100,-350.0,0.0,SD,2342900.0,2565500.0,False,0.0,14:20:53
22350.0,100,-350.0,0.0,SD,2342900.0,2565400.0,False,-50.0,14:20:53
22400.0,100,-300.0,0.0,BU,2342900.0,2565300.0,False,0.0,14:20:43
22400.0,100,-300.0,0.0,BU,2342800.0,2565300.0,False,0.0,14:20:42
22400.0,100,-300.0,0.0,BU,2342700.0,2565300.0,False,0.0,14:20:42
22400.0,1000,-300.0,0.0,BU,2342600.0,2565300.0,False,0.0,14:20:42
22400.0,1200,-300.0,0.0,BU,2341600.0,2565300.0,False,0.0,14:20:42
22400.0,100,-300.0,0.0,BU,2340400.0,2565300.0,False,0.0,14:20:42
22400.0,1000,-300.0,0.0,BU,2340300.0,2565300.0,False,0.0,14:20:42
22400.0,5000,-300.0,0.0,BU,2339300.0,2565300.0,False,0.0,14:20:42
22400.0,4400,-300.0,0.0,BU,2334300.0,2565300.0,False,0.0,14:20:42
22400.0,100,-300.0,0.0,BU,2329900.0,2565300.0,False,-100.0,14:20:42
22500.0,2900,-200.0,0.0,BU,2329800.0,2565300.0,False,0.0,14:20:39
22500.0,200,-200.0,0.0,BU,2326900.0,2565300.0,False,100.0,14:20:39
22400.0,1500,-300.0,0.0,SD,2326700.0,2565300.0,False,-100.0,14:20:39
22500.0,100,-200.0,0.0,BU,2326700.0,2563800.0,False,100.0,14:20:32
22400.0,2100,-300.0,0.0,SD,2326600.0,2563800.0,False,0.0,14:20:29
22400.0,200,-300.0,0.0,SD,2326600.0,2561700.0,False,0.0,14:20:29
22400.0,200,-300.0,0.0,SD,2326600.0,2561500.0,False,0.0,14:20:29
22400.0,5000,-300.0,0.0,SD,2326600.0,2561300.0,False,0.0,14:20:29
22400.0,5000,-300.0,0.0,SD,2326600.0,2556300.0,False,-50.0,14:20:29
22450.0,500,-250.0,0.0,SD,2326600.0,2551300.0,False,0.0,14:20:29
22450.0,1000,-250.0,0.0,SD,2326600.0,2550800.0,False,0.0,14:20:29
22450.0,500,-250.0,0.0,SD,2326600.0,2549800.0,False,0.0,14:20:29
22450.0,1000,-250.0,0.0,SD,2326600.0,2549300.0,False,0.0,14:20:29
22450.0,100,-250.0,0.0,SD,2326600.0,2548300.0,False,0.0,14:20:29
22450.0,500,-250.0,0.0,SD,2326600.0,2548200.0,False,0.0,14:20:29
22450.0,700,-250.0,0.0,SD,2326600.0,2547700.0,False,-50.0,14:20:29
22500.0,100,-200.0,0.0,BU,2326600.0,2547000.0,False,0.0,14:20:26
22500.0,200,-200.0,0.0,BU,2326500.0,2547000.0,False,0.0,14:20:26
22500.0,300,-200.0,0.0,SD,2326300.0,2546500.0,False,0.0,14:20:25
22500.0,500,-200.0,0.0,SD,2326300.0,2547000.0,False,0.0,14:20:24
22500.0,100,-200.0,0.0,SD,2326300.0,2546200.0,False,0.0,14:20:24
22500.0,5000,-200.0,0.0,SD,2326300.0,2546100.0,False,0.0,14:20:24
22500.0,1000,-200.0,0.0,SD,2326300.0,2541100.0,False,0.0,14:20:24
22500.0,100,-200.0,0.0,SD,2326300.0,2540100.0,False,0.0,14:20:24
22500.0,400,-200.0,0.0,SD,2326300.0,2540000.0,False,0.0,14:20:23
22500.0,600,-200.0,0.0,SD,2326300.0,2539600.0,False,0.0,14:20:23
22500.0,1400,-200.0,0.0,SD,2326300.0,2539000.0,False,-50.0,14:20:23
22550.0,100,-150.0,0.0,BU,2326300.0,2537600.0,False,50.0,14:20:20
22500.0,600,-200.0,0.0,SD,2326200.0,2537600.0,False,0.0,14:20:19
22500.0,1000,-200.0,0.0,SD,2326200.0,2537000.0,False,0.0,14:20:17
22500.0,200,-200.0,0.0,SD,2326200.0,2536000.0,False,0.0,14:20:17
22500.0,500,-200.0,0.0,SD,2326200.0,2535800.0,False,0.0,14:20:17
22500.0,4300,-200.0,0.0,SD,2326200.0,2535300.0,False,0.0,14:20:17
22500.0,700,-200.0,0.0,SD,2326200.0,2531000.0,False,0.0,14:20:13
22500.0,1000,-200.0,0.0,SD,2326200.0,2530300.0,False,0.0,14:20:13
22500.0,300,-200.0,0.0,SD,2326200.0,2529300.0,False,0.0,14:20:13
22500.0,4700,-200.0,0.0,SD,2326200.0,2529000.0,False,0.0,14:20:12
22500.0,300,-200.0,0.0,SD,2326200.0,2524300.0,False,0.0,14:20:12
22500.0,600,-200.0,0.0,SD,2326200.0,2524000.0,False,0.0,14:20:10
22500.0,100,-200.0,0.0,SD,2326200.0,2523400.0,False,0.0,14:20:06
22500.0,300,-200.0,0.0,SD,2326200.0,2523300.0,False,0.0,14:20:06
22500.0,200,-200.0,0.0,SD,2326200.0,2523000.0,False,0.0,14:20:04
22500.0,300,-200.0,0.0,SD,2326200.0,2522800.0,False,0.0,14:20:04
22500.0,100,-200.0,0.0,SD,2326200.0,2522500.0,False,0.0,14:20:04
22500.0,1000,-200.0,0.0,SD,2326200.0,2522400.0,False,0.0,14:20:04
22500.0,100,-200.0,0.0,SD,2326200.0,2521400.0,False,0.0,14:20:04
22500.0,2400,-200.0,0.0,SD,2326200.0,2521300.0,False,0.0,14:20:04
22500.0,400,-200.0,0.0,SD,2326200.0,2518900.0,False,0.0,14:20:04
22500.0,200,-200.0,0.0,SD,2326200.0,2518500.0,False,0.0,14:20:04
22500.0,400,-200.0,0.0,SD,2326200.0,2518300.0,False,0.0,14:20:04
22500.0,200,-200.0,0.0,SD,2326200.0,2517900.0,False,0.0,14:20:04
22500.0,200,-200.0,0.0,SD,2326200.0,2517700.0,False,0.0,14:20:04
22500.0,200,-200.0,0.0,SD,2326200.0,2517500.0,False,0.0,14:20:04
22500.0,200,-200.0,0.0,SD,2326200.0,2517300.0,False,0.0,14:20:04
22500.0,1000,-200.0,0.0,SD,2326200.0,2517100.0,False,0.0,14:20:04
22500.0,3000,-200.0,0.0,SD,2326200.0,2516100.0,False,0.0,14:20:04
22500.0,5000,-200.0,0.0,SD,2326200.0,2513100.0,False,0.0,14:20:04
22500.0,100,-200.0,0.0,SD,2326200.0,2508100.0,False,0.0,14:20:04
22500.0,4900,-200.0,0.0,SD,2326200.0,2508000.0,False,0.0,14:20:01
22500.0,100,-200.0,0.0,SD,2326200.0,2503100.0,False,0.0,14:20:01
22500.0,300,-200.0,0.0,SD,2326200.0,2503000.0,False,0.0,14:20:01
22500.0,600,-200.0,0.0,SD,2326200.0,2502700.0,False,0.0,14:20:01
22500.0,500,-200.0,0.0,SD,2326200.0,2502100.0,False,0.0,14:20:01
22500.0,100,-200.0,0.0,SD,2326200.0,2501600.0,False,0.0,14:20:01
22500.0,100,-200.0,0.0,SD,2326200.0,2501500.0,False,0.0,14:20:01
22500.0,100,-200.0,0.0,SD,2326200.0,2501400.0,False,0.0,14:20:01
22500.0,3000,-200.0,0.0,SD,2326200.0,2501300.0,False,0.0,14:20:01
22500.0,300,-200.0,0.0,SD,2326200.0,2498300.0,False,-50.0,14:20:01
22550.0,500,-150.0,0.0,BU,2326200.0,2498000.0,False,50.0,14:19:59
22500.0,100,-200.0,0.0,SD,2325700.0,2498000.0,False,0.0,14:19:55
22500.0,300,-200.0,0.0,SD,2325700.0,2497900.0,False,0.0,14:19:55
22500.0,200,-200.0,0.0,SD,2325700.0,2497600.0,False,0.0,14:19:55
22500.0,200,-200.0,0.0,SD,2325700.0,2497400.0,False,0.0,14:19:54
22500.0,10000,-200.0,0.0,SD,2325700.0,2497200.0,True,0.0,14:19:53
22500.0,200,-200.0,0.0,SD,2325700.0,2487200.0,False,0.0,14:19:53
22500.0,300,-200.0,0.0,SD,2325700.0,2487000.0,False,0.0,14:19:52
22500.0,400,-200.0,0.0,SD,2325700.0,2486700.0,False,0.0,14:19:48
22500.0,100,-200.0,0.0,SD,2325700.0,2486300.0,False,-50.0,14:19:47
22550.0,100,-150.0,0.0,BU,2325700.0,2486200.0,False,50.0,14:19:47
22500.0,3000,-200.0,0.0,SD,2325600.0,2486200.0,False,-50.0,14:19:47
22550.0,100,-150.0,0.0,BU,2325600.0,2483200.0,False,50.0,14:19:41
22500.0,600,-200.0,0.0,SD,2325500.0,2483200.0,False,0.0,14:19:41
22500.0,4500,-200.0,0.0,SD,2325500.0,2482600.0,False,0.0,14:19:37
22500.0,100,-200.0,0.0,SD,2325500.0,2478100.0,False,0.0,14:19:32
22500.0,400,-200.0,0.0,SD,2325500.0,2478000.0,False,0.0,14:19:30
22500.0,200,-200.0,0.0,SD,2325500.0,2477600.0,False,-50.0,14:19:30
22550.0,3300,-150.0,0.0,SD,2325500.0,2477400.0,False,0.0,14:19:22
22550.0,100,-150.0,0.0,SD,2325500.0,2474100.0,False,0.0,14:19:22
22550.0,200,-150.0,0.0,SD,2325500.0,2474000.0,False,0.0,14:19:22
22550.0,100,-150.0,0.0,SD,2325500.0,2473800.0,False,0.0,14:19:22
22550.0,200,-150.0,0.0,SD,2325500.0,2473700.0,False,0.0,14:19:22
22550.0,200,-150.0,0.0,SD,2325500.0,2473500.0,False,0.0,14:19:19
22550.0,4800,-150.0,0.0,SD,2325500.0,2473300.0,False,0.0,14:19:19
22550.0,5000,-150.0,0.0,SD,2325500.0,2468500.0,False,0.0,14:19:19
22550.0,1000,-150.0,0.0,SD,2325500.0,2463500.0,False,0.0,14:19:19
22550.0,1500,-150.0,0.0,SD,2325500.0,2462500.0,False,0.0,14:19:16
22550.0,400,-150.0,0.0,SD,2325500.0,2461000.0,False,0.0,14:19:15
22550.0,1000,-150.0,0.0,SD,2325500.0,2460600.0,False,-50.0,14:19:08
22600.0,2000,-100.0,0.0,BU,2325500.0,2459600.0,False,50.0,14:19:08
22550.0,9300,-150.0,0.0,SD,2323500.0,2459600.0,True,0.0,14:18:56
22550.0,4500,-150.0,0.0,SD,2323500.0,2450300.0,False,-50.0,14:18:52
22600.0,300,-100.0,0.0,BU,2323500.0,2445800.0,False,50.0,14:18:52
22550.0,7100,-150.0,0.0,SD,2323200.0,2445800.0,False,0.0,14:18:48
22550.0,1000,-150.0,0.0,SD,2323200.0,2438700.0,False,0.0,14:18:48
22550.0,1600,-150.0,0.0,SD,2323200.0,2437700.0,False,0.0,14:18:48
22550.0,100,-150.0,0.0,SD,2323200.0,2436100.0,False,0.0,14:18:48
22550.0,200,-150.0,0.0,SD,2323200.0,2436000.0,False,0.0,14:18:48
22550.0,100,-150.0,0.0,SD,2323200.0,2435800.0,False,0.0,14:18:45
22550.0,500,-150.0,0.0,SD,2323200.0,2435700.0,False,-50.0,14:18:45
22600.0,500,-100.0,0.0,BU,2323200.0,2435200.0,False,0.0,14:18:40
22600.0,200,-100.0,0.0,BU,2322700.0,2435200.0,False,0.0,14:18:40
22600.0,100,-100.0,0.0,BU,2322500.0,2435200.0,False,0.0,14:18:35
22600.0,500,-100.0,0.0,BU,2322400.0,2435200.0,False,0.0,14:18:35
22600.0,1000,-100.0,0.0,BU,2321900.0,2435200.0,False,0.0,14:18:35
22600.0,300,-100.0,0.0,BU,2320900.0,2435200.0,False,0.0,14:18:35
22600.0,5000,-100.0,0.0,BU,2320600.0,2435200.0,False,0.0,14:18:35
22600.0,1300,-100.0,0.0,BU,2315600.0,2435200.0,False,0.0,14:18:35
22600.0,100,-100.0,0.0,BU,2314300.0,2435200.0,False,0.0,14:18:35
22600.0,2000,-100.0,0.0,BU,2314200.0,2435200.0,False,0.0,14:18:35
22600.0,500,-100.0,0.0,BU,2312200.0,2435200.0,False,0.0,14:18:35
22600.0,4500,-100.0,0.0,SD,2311700.0,2435200.0,False,0.0,14:18:34
22600.0,100,-100.0,0.0,SD,2311700.0,2430700.0,False,0.0,14:18:34
22600.0,1000,-100.0,0.0,SD,2311700.0,2430600.0,False,0.0,14:18:34
22600.0,1400,-100.0,0.0,SD,2311700.0,2429600.0,False,0.0,14:18:34
22600.0,100,-100.0,0.0,SD,2311700.0,2428200.0,False,0.0,14:18:34
22600.0,500,-100.0,0.0,SD,2311700.0,2428100.0,False,0.0,14:18:31
22600.0,100,-100.0,0.0,SD,2311700.0,2427600.0,False,0.0,14:18:31
22600.0,100,-100.0,0.0,SD,2311700.0,2427500.0,False,0.0,14:18:31
22600.0,4600,-100.0,0.0,SD,2311700.0,2427400.0,False,0.0,14:18:31
22600.0,500,-100.0,0.0,SD,2311700.0,2422800.0,False,0.0,14:18:31
22600.0,200,-100.0,0.0,SD,2311700.0,2422300.0,False,0.0,14:18:31
22600.0,200,-100.0,0.0,SD,2311700.0,2422100.0,False,0.0,14:18:31
22600.0,600,-100.0,0.0,SD,2311700.0,2421900.0,False,0.0,14:18:26
22600.0,1000,-100.0,0.0,SD,2311700.0,2421300.0,False,0.0,14:18:22
22600.0,100,-100.0,0.0,SD,2311700.0,2420300.0,False,0.0,14:18:22
22600.0,300,-100.0,0.0,SD,2311700.0,2420200.0,False,0.0,14:18:22
22600.0,300,-100.0,0.0,SD,2311700.0,2419900.0,False,0.0,14:18:22
22600.0,100,-100.0,0.0,SD,2311700.0,2419600.0,False,0.0,14:18:22
22600.0,4000,-100.0,0.0,SD,2311700.0,2419500.0,False,0.0,14:18:22
22600.0,1000,-100.0,0.0,SD,2311700.0,2415500.0,False,0.0,14:18:22
22600.0,200,-100.0,0.0,SD,2311700.0,2414500.0,False,0.0,14:18:22
22600.0,700,-100.0,0.0,SD,2311700.0,2414300.0,False,0.0,14:18:18
22600.0,100,-100.0,0.0,SD,2311700.0,2413600.0,False,0.0,14:18:14
22600.0,500,-100.0,0.0,SD,2311700.0,2413500.0,False,-50.0,14:18:14
22650.0,200,-50.0,0.0,BU,2311700.0,2413000.0,False,50.0,14:18:10
22600.0,500,-100.0,0.0,SD,2311500.0,2413000.0,False,0.0,14:18:04
22600.0,100,-100.0,0.0,SD,2311500.0,2412500.0,False,0.0,14:18:04
22600.0,1000,-100.0,0.0,SD,2311500.0,2412400.0,False,0.0,14:18:03
22600.0,500,-100.0,0.0,SD,2311500.0,2411400.0,False,-50.0,14:18:03
22650.0,100,-50.0,0.0,BU,2311500.0,2410900.0,False,0.0,14:18:02
22650.0,400,-50.0,0.0,SD,2311400.0,2410900.0,False,0.0,14:17:58
22650.0,1200,-50.0,0.0,SD,2311400.0,2410500.0,False,0.0,14:17:58
22650.0,1000,-50.0,0.0,SD,2311400.0,2409300.0,False,0.0,14:17:58
22650.0,300,-50.0,0.0,SD,2311400.0,2408300.0,False,0.0,14:17:58
22650.0,2800,-50.0,0.0,SD,2311400.0,2408000.0,False,0.0,14:17:58
22650.0,600,-50.0,0.0,SD,2311400.0,2405200.0,False,0.0,14:17:57
22650.0,1600,-50.0,0.0,SD,2311400.0,2404600.0,False,0.0,14:17:56
22650.0,200,-50.0,0.0,SD,2311400.0,2403000.0,False,0.0,14:17:56
22650.0,100,-50.0,0.0,SD,2311400.0,2402800.0,False,0.0,14:17:56
22650.0,500,-50.0,0.0,SD,2311400.0,2402700.0,False,0.0,14:17:56
22650.0,3000,-50.0,0.0,SD,2311400.0,2402200.0,False,0.0,14:17:56
22650.0,1000,-50.0,0.0,SD,2311400.0,2399200.0,False,0.0,14:17:56
22650.0,1000,-50.0,0.0,SD,2311400.0,2398200.0,False,0.0,14:17:56
22650.0,1000,-50.0,0.0,SD,2311400.0,2397200.0,False,0.0,14:17:56
22650.0,100,-50.0,0.0,SD,2311400.0,2396200.0,False,0.0,14:17:56
22650.0,100,-50.0,0.0,SD,2311400.0,2396100.0,False,0.0,14:17:56
22650.0,500,-50.0,0.0,SD,2311400.0,2396000.0,False,0.0,14:17:56
22650.0,500,-50.0,0.0,SD,2311400.0,2395500.0,False,0.0,14:17:56
22650.0,1000,-50.0,0.0,SD,2311400.0,2395000.0,False,0.0,14:17:56
22650.0,1000,-50.0,0.0,SD,2311400.0,2394000.0,False,0.0,14:17:56
22650.0,5000,-50.0,0.0,SD,2311400.0,2393000.0,False,0.0,14:17:56
22650.0,3000,-50.0,0.0,SD,2311400.0,2388000.0,False,0.0,14:17:56
22650.0,5400,-50.0,0.0,SD,2311400.0,2385000.0,False,0.0,14:17:56
22650.0,600,-50.0,0.0,SD,2311400.0,2379600.0,False,-50.0,14:17:50
22700.0,500,0.0,0.0,SD,2311400.0,2379000.0,False,0.0,14:17:49
22700.0,500,0.0,0.0,SD,2311400.0,2378500.0,False,0.0,14:17:49
22700.0,100,0.0,0.0,SD,2311400.0,2378000.0,False,0.0,14:17:49
22700.0,100,0.0,0.0,SD,2311400.0,2377900.0,False,0.0,14:17:49
22700.0,1000,0.0,0.0,SD,2311400.0,2377800.0,False,0.0,14:17:49
22700.0,100,0.0,0.0,SD,2311400.0,2376800.0,False,0.0,14:17:49
22700.0,200,0.0,0.0,SD,2311400.0,2376700.0,False,0.0,14:17:49
22700.0,10000,0.0,0.0,SD,2311400.0,2376500.0,True,0.0,14:17:49
22700.0,9800,0.0,0.0,SD,2311400.0,2366500.0,True,0.0,14:17:49
22700.0,5400,0.0,0.0,SD,2311400.0,2356700.0,False,0.0,14:17:47
22700.0,600,0.0,0.0,SD,2311400.0,2351300.0,False,0.0,14:17:45
22700.0,4200,0.0,0.0,SD,2311400.0,2350700.0,False,0.0,14:17:43
22700.0,200,0.0,0.0,SD,2311400.0,2346500.0,False,0.0,14:17:43
22700.0,5000,0.0,0.0,SD,2311400.0,2346300.0,False,0.0,14:17:43
22700.0,200,0.0,0.0,SD,2311400.0,2341300.0,False,0.0,14:17:43
22700.0,400,0.0,0.0,SD,2311400.0,2341100.0,False,0.0,14:17:43
22700.0,100,0.0,0.0,SD,2311400.0,2340700.0,False,0.0,14:17:40
22700.0,1600,0.0,0.0,SD,2311400.0,2340600.0,False,0.0,14:17:40
22700.0,200,0.0,0.0,SD,2311400.0,2339000.0,False,0.0,14:17:40
22700.0,500,0.0,0.0,SD,2311400.0,2338800.0,False,0.0,14:17:40
22700.0,2000,0.0,0.0,SD,2311400.0,2338300.0,False,0.0,14:17:40
22700.0,2000,0.0,0.0,SD,2311400.0,2336300.0,False,0.0,14:17:40
22700.0,600,0.0,0.0,SD,2311400.0,2334300.0,False,0.0,14:17:38
22700.0,300,0.0,0.0,SD,2311400.0,2333700.0,False,0.0,14:17:37
22700.0,100,0.0,0.0,SD,2311400.0,2333400.0,False,0.0,14:17:37
22700.0,200,0.0,0.0,SD,2311400.0,2333300.0,False,0.0,14:17:37
22700.0,500,0.0,0.0,SD,2311400.0,2333100.0,False,0.0,14:17:33
22700.0,600,0.0,0.0,SD,2311400.0,2332600.0,False,-50.0,14:17:32
22750.0,1500,50.0,0.0,BU,2311400.0,2332000.0,False,50.0,14:17:25
22700.0,600,0.0,0.0,SD,2309900.0,2332000.0,False,0.0,14:17:25
22700.0,100,0.0,0.0,SD,2309900.0,2331400.0,False,0.0,14:17:24
22700.0,200,0.0,0.0,SD,2309900.0,2331300.0,False,0.0,14:17:24
22700.0,1000,0.0,0.0,SD,2309900.0,2331100.0,False,0.0,14:17:24
22700.0,500,0.0,0.0,SD,2309900.0,2330100.0,False,0.0,14:17:24
22700.0,1000,0.0,0.0,SD,2309900.0,2329600.0,False,0.0,14:17:24
22700.0,1000,0.0,0.0,SD,2309900.0,2328600.0,False,0.0,14:17:24
22700.0,500,0.0,0.0,SD,2309900.0,2327600.0,False,0.0,14:17:24
22700.0,200,0.0,0.0,SD,2309900.0,2327100.0,False,0.0,14:17:24
22700.0,1000,0.0,0.0,SD,2309900.0,2326900.0,False,0.0,14:17:24
22700.0,500,0.0,0.0,SD,2309900.0,2325900.0,False,0.0,14:17:24
22700.0,4000,0.0,0.0,SD,2309900.0,2325400.0,False,0.0,14:17:24
22700.0,500,0.0,0.0,SD,2309900.0,2321400.0,False,0.0,14:17:22
22700.0,500,0.0,0.0,SD,2309900.0,2320900.0,False,0.0,14:17:16
22700.0,100,0.0,0.0,SD,2309900.0,2320400.0,False,-50.0,14:17:16
22750.0,5200,50.0,0.0,SD,2309900.0,2320300.0,False,0.0,14:17:12
22750.0,2000,50.0,0.0,SD,2309900.0,2315100.0,False,0.0,14:17:12
22750.0,2000,50.0,0.0,SD,2309900.0,2313100.0,False,0.0,14:17:12
22750.0,100,50.0,0.0,SD,2309900.0,2311100.0,False,0.0,14:17:12
22750.0,100,50.0,0.0,SD,2309900.0,2311000.0,False,0.0,14:17:12
22750.0,500,50.0,0.0,SD,2309900.0,2310900.0,False,0.0,14:17:12
22750.0,500,50.0,0.0,SD,2309900.0,2310400.0,False,0.0,14:17:08
22750.0,600,50.0,0.0,SD,2309900.0,2309900.0,False,0.0,14:17:07
22750.0,400,50.0,0.0,SD,2309900.0,2309300.0,False,0.0,14:17:02
22750.0,600,50.0,0.0,SD,2309900.0,2308900.0,False,0.0,14:17:02
22750.0,500,50.0,0.0,SD,2309900.0,2308300.0,False,0.0,14:17:02
22750.0,500,50.0,0.0,SD,2309900.0,2307800.0,False,0.0,14:17:02
22750.0,600,50.0,0.0,SD,2309900.0,2307300.0,False,0.0,14:17:02
22750.0,100,50.0,0.0,SD,2309900.0,2306700.0,False,0.0,14:17:01
22750.0,600,50.0,0.0,SD,2309900.0,2306600.0,False,0.0,14:16:58
22750.0,200,50.0,0.0,SD,2309900.0,2306000.0,False,0.0,14:16:56
22750.0,400,50.0,0.0,SD,2309900.0,2305800.0,False,0.0,14:16:56
22750.0,1600,50.0,0.0,SD,2309900.0,2305400.0,False,0.0,14:16:55
22750.0,3400,50.0,0.0,SD,2309900.0,2303800.0,False,0.0,14:16:55
22750.0,200,50.0,0.0,SD,2309900.0,2300400.0,False,0.0,14:16:54
22750.0,600,50.0,0.0,SD,2309900.0,2300200.0,False,0.0,14:16:51
22750.0,600,50.0,0.0,SD,2309900.0,2299600.0,False,0.0,14:16:51
22750.0,7000,50.0,0.0,SD,2309900.0,2299000.0,False,0.0,14:16:47
22750.0,600,50.0,0.0,SD,2309900.0,2292000.0,False,0.0,14:16:44
22750.0,600,50.0,0.0,SD,2309900.0,2291400.0,False,0.0,14:16:43
22750.0,600,50.0,0.0,SD,2309900.0,2290800.0,False,0.0,14:16:36
22750.0,600,50.0,0.0,SD,2309900.0,2290200.0,False,0.0,14:16:33
22750.0,2000,50.0,0.0,SD,2309900.0,2289600.0,False,0.0,14:16:25
22750.0,600,50.0,0.0,SD,2309900.0,2287600.0,False,0.0,14:16:25
22750.0,600,50.0,0.0,SD,2309900.0,2287000.0,False,0.0,14:16:22
22750.0,600,50.0,0.0,SD,2309900.0,2286400.0,False,0.0,14:16:17
22750.0,200,50.0,0.0,SD,2309900.0,2285800.0,False,0.0,14:16:15
22750.0,300,50.0,0.0,SD,2309900.0,2285600.0,False,0.0,14:16:12
22750.0,500,50.0,0.0,SD,2309900.0,2285300.0,False,0.0,14:16:09
22750.0,300,50.0,0.0,SD,2309900.0,2284800.0,False,0.0,14:16:06
22750.0,300,50.0,0.0,SD,2309900.0,2284500.0,False,0.0,14:16:01
22750.0,400,50.0,0.0,SD,2309900.0,2284200.0,False,0.0,14:16:00
22750.0,200,50.0,0.0,SD,2309900.0,2283800.0,False,0.0,14:16:00
22750.0,300,50.0,0.0,SD,2309900.0,2283600.0,False,-50.0,14:15:52
22800.0,10000,100.0,0.0,BU,2309900.0,2283300.0,True,50.0,14:15:41
22750.0,500,50.0,0.0,SD,2299900.0,2283300.0,False,0.0,14:15:40
22750.0,100,50.0,0.0,SD,2299900.0,2282800.0,False,-50.0,14:15:40
22800.0,500,100.0,0.0,BU,2299900.0,2282700.0,False,0.0,14:15:40
22800.0,100,100.0,0.0,BU,2299400.0,2282700.0,False,0.0,14:15:21
22800.0,1000,100.0,0.0,BU,2299300.0,2282700.0,False,50.0,14:15:12
22750.0,2500,50.0,0.0,SD,2298300.0,2282700.0,False,-50.0,14:15:10
22800.0,400,100.0,0.0,BU,2298300.0,2280200.0,False,0.0,14:14:54
22800.0,100,100.0,0.0,BU,2297900.0,2280200.0,False,0.0,14:14:51
22800.0,300,100.0,0.0,BU,2297800.0,2280200.0,False,0.0,14:14:41
22800.0,500,100.0,0.0,BU,2297500.0,2280200.0,False,0.0,14:14:38
22800.0,900,100.0,0.0,BU,2297000.0,2280200.0,False,0.0,14:14:31
22800.0,200,100.0,0.0,BU,2296100.0,2280200.0,False,50.0,14:14:05
22750.0,500,50.0,0.0,SD,2295900.0,2280200.0,False,-50.0,14:14:04
22800.0,100,100.0,0.0,BU,2295900.0,2279700.0,False,0.0,14:13:55
22800.0,900,100.0,0.0,BU,2295800.0,2279700.0,False,0.0,14:13:55
22800.0,100,100.0,0.0,BU,2294900.0,2279700.0,False,0.0,14:13:53
22800.0,100,100.0,0.0,BU,2294800.0,2279700.0,False,0.0,14:13:53
22800.0,200,100.0,0.0,BU,2294700.0,2279700.0,False,0.0,14:13:53
22800.0,600,100.0,0.0,BU,2294500.0,2279700.0,False,50.0,14:13:49
22750.0,200,50.0,0.0,SD,2293900.0,2279700.0,False,-50.0,14:13:48
22800.0,200,100.0,0.0,BU,2293900.0,2279500.0,False,0.0,14:13:43
22800.0,100,100.0,0.0,BU,2293700.0,2279500.0,False,0.0,14:13:43
22800.0,500,100.0,0.0,BU,2293600.0,2279500.0,False,0.0,14:13:43
22800.0,200,100.0,0.0,BU,2293100.0,2279500.0,False,0.0,14:13:43
22800.0,300,100.0,0.0,BU,2292900.0,2279500.0,False,0.0,14:13:39
22800.0,1000,100.0,0.0,BU,2292600.0,2279500.0,False,0.0,14:13:39
22800.0,8700,100.0,0.0,BU,2291600.0,2279500.0,False,50.0,14:13:39
22750.0,1700,50.0,0.0,BU,2282900.0,2279500.0,False,0.0,14:13:26
22750.0,1000,50.0,0.0,BU,2281200.0,2279500.0,False,0.0,14:13:24
22750.0,200,50.0,0.0,BU,2280200.0,2279500.0,False,0.0,14:13:24
22750.0,500,50.0,0.0,BU,2280000.0,2279500.0,False,0.0,14:13:24
22750.0,100,50.0,0.0,BU,2279500.0,2279500.0,False,0.0,14:13:24
22750.0,4000,50.0,0.0,BU,2279400.0,2279500.0,False,-50.0,14:13:24
22800.0,6000,100.0,0.0,BU,2275400.0,2279500.0,False,0.0,14:13:22
22800.0,100,100.0,0.0,BU,2269400.0,2279500.0,False,0.0,14:13:20
22800.0,8000,100.0,0.0,BU,2269300.0,2279500.0,False,50.0,14:13:09
22750.0,100,50.0,0.0,SD,2261300.0,2279500.0,False,0.0,14:13:03
22750.0,300,50.0,0.0,SD,2261300.0,2279400.0,False,0.0,14:12:26
22750.0,600,50.0,0.0,BU,2261300.0,2279100.0,False,0.0,14:12:19
22750.0,5900,50.0,0.0,BU,2260700.0,2279100.0,False,0.0,14:12:18
22750.0,500,50.0,0.0,BU,2254800.0,2279100.0,False,0.0,14:12:16
22750.0,1500,50.0,0.0,SD,2254300.0,2279100.0,False,0.0,14:12:11
22750.0,1900,50.0,0.0,BU,2254300.0,2277600.0,False,0.0,14:12:05
22750.0,600,50.0,0.0,BU,2252400.0,2277600.0,False,0.0,14:12:05
22750.0,500,50.0,0.0,BU,2251800.0,2277600.0,False,0.0,14:12:00
22750.0,100,50.0,0.0,SD,2251300.0,2277600.0,False,0.0,14:11:52
22750.0,800,50.0,0.0,SD,2251300.0,2277500.0,False,-50.0,14:11:52
22800.0,5000,100.0,0.0,BU,2251300.0,2276700.0,False,50.0,14:11:50
22750.0,800,50.0,0.0,SD,2246300.0,2276700.0,False,0.0,14:11:23
22750.0,200,50.0,0.0,SD,2246300.0,2275900.0,False,0.0,14:11:23
22750.0,300,50.0,0.0,SD,2246300.0,2275700.0,False,50.0,14:11:15
22700.0,300,0.0,0.0,SD,2246300.0,2275400.0,False,0.0,14:11:10
22700.0,400,0.0,0.0,SD,2246300.0,2275100.0,False,0.0,14:11:10
22700.0,500,0.0,0.0,SD,2246300.0,2274700.0,False,0.0,14:11:10
22700.0,1000,0.0,0.0,SD,2246300.0,2274200.0,False,0.0,14:11:10
22700.0,200,0.0,0.0,SD,2246300.0,2273200.0,False,0.0,14:11:10
22700.0,100,0.0,0.0,SD,2246300.0,2273000.0,False,0.0,14:11:10
22700.0,1000,0.0,0.0,SD,2246300.0,2272900.0,False,0.0,14:11:10
22700.0,100,0.0,0.0,SD,2246300.0,2271900.0,False,0.0,14:11:10
22700.0,500,0.0,0.0,SD,2246300.0,2271800.0,False,0.0,14:11:10
22700.0,2000,0.0,0.0,SD,2246300.0,2271300.0,False,0.0,14:11:10
22700.0,1000,0.0,0.0,SD,2246300.0,2269300.0,False,0.0,14:11:10
22700.0,1400,0.0,0.0,SD,2246300.0,2268300.0,False,0.0,14:11:10
22700.0,600,0.0,0.0,SD,2246300.0,2266900.0,False,0.0,14:11:10
22700.0,2000,0.0,0.0,SD,2246300.0,2266300.0,False,-50.0,14:11:10
22750.0,500,50.0,0.0,SD,2246300.0,2264300.0,False,0.0,14:11:10
22750.0,100,50.0,0.0,BU,2246300.0,2263800.0,False,0.0,14:11:07
22750.0,400,50.0,0.0,BU,2246200.0,2263800.0,False,0.0,14:11:07
22750.0,500,50.0,0.0,BU,2245800.0,2263800.0,False,0.0,14:11:07
22750.0,500,50.0,0.0,BU,2245300.0,2263800.0,False,0.0,14:11:07
22750.0,1000,50.0,0.0,BU,2244800.0,2263800.0,False,0.0,14:11:07
22750.0,2000,50.0,0.0,BU,2243800.0,2263800.0,False,50.0,14:11:07
22700.0,100,0.0,0.0,SD,2241800.0,2263800.0,False,0.0,14:10:57
22700.0,2000,0.0,0.0,SD,2241800.0,2263700.0,False,0.0,14:10:54
22700.0,2700,0.0,0.0,SD,2241800.0,2261700.0,False,-50.0,14:10:53
22750.0,600,50.0,0.0,BU,2241800.0,2259000.0,False,50.0,14:10:52
22700.0,1000,0.0,0.0,SD,2241200.0,2259000.0,False,0.0,14:10:44
22700.0,100,0.0,0.0,SD,2241200.0,2258000.0,False,-50.0,14:10:44
22750.0,5000,50.0,0.0,BU,2241200.0,2257900.0,False,50.0,14:10:43
22700.0,1100,0.0,0.0,SD,2236200.0,2257900.0,False,0.0,14:10:30
22700.0,500,0.0,0.0,SD,2236200.0,2256800.0,False,0.0,14:10:30
22700.0,2000,0.0,0.0,SD,2236200.0,2256300.0,False,0.0,14:10:30
22700.0,100,0.0,0.0,SD,2236200.0,2254300.0,False,0.0,14:10:30
22700.0,2000,0.0,0.0,SD,2236200.0,2254200.0,False,0.0,14:10:30
22700.0,1800,0.0,0.0,SD,2236200.0,2252200.0,False,0.0,14:10:30
22700.0,1000,0.0,0.0,SD,2236200.0,2250400.0,False,0.0,14:10:26
22700.0,1000,0.0,0.0,BU,2236200.0,2249400.0,False,0.0,14:10:10
22700.0,600,0.0,0.0,BU,2235200.0,2249400.0,False,0.0,14:10:10
22700.0,600,0.0,0.0,BU,2234600.0,2249400.0,False,0.0,14:10:10
22700.0,2000,0.0,0.0,BU,2234000.0,2249400.0,False,0.0,14:10:06
22700.0,10000,0.0,0.0,BU,2232000.0,2249400.0,True,0.0,14:10:03
22700.0,2000,0.0,0.0,BU,2222000.0,2249400.0,False,50.0,14:10:01
22650.0,100,-50.0,0.0,SD,2220000.0,2249400.0,False,-50.0,14:09:56
22700.0,1000,0.0,0.0,BU,2220000.0,2249300.0,False,50.0,14:09:55
22650.0,500,-50.0,0.0,SD,2219000.0,2249300.0,False,-50.0,14:09:53
22700.0,2000,0.0,0.0,BU,2219000.0,2248800.0,False,0.0,14:09:50
22700.0,100,0.0,0.0,BU,2217000.0,2248800.0,False,0.0,14:09:49
22700.0,300,0.0,0.0,SD,2216900.0,2248800.0,False,0.0,14:09:44
22700.0,300,0.0,0.0,SD,2216900.0,2248500.0,False,0.0,14:09:44
22700.0,400,0.0,0.0,SD,2216900.0,2248200.0,False,0.0,14:09:44
22700.0,1000,0.0,0.0,SD,2216900.0,2247800.0,False,0.0,14:09:44
22700.0,100,0.0,0.0,SD,2216900.0,2246800.0,False,0.0,14:09:44
22700.0,5000,0.0,0.0,SD,2216900.0,2246700.0,False,0.0,14:09:44
22700.0,1000,0.0,0.0,SD,2216900.0,2241700.0,False,0.0,14:09:44
22700.0,1000,0.0,0.0,SD,2216900.0,2240700.0,False,0.0,14:09:44
22700.0,2000,0.0,0.0,SD,2216900.0,2239700.0,False,0.0,14:09:44
22700.0,500,0.0,0.0,SD,2216900.0,2237700.0,False,0.0,14:09:44
22700.0,700,0.0,0.0,SD,2216900.0,2237200.0,False,0.0,14:09:44
22700.0,3000,0.0,0.0,SD,2216900.0,2236500.0,False,0.0,14:09:38
22700.0,100,0.0,0.0,SD,2216900.0,2233500.0,False,0.0,14:09:25
22700.0,1300,0.0,0.0,SD,2216900.0,2233400.0,False,0.0,14:09:07
22700.0,900,0.0,0.0,SD,2216900.0,2232100.0,False,0.0,14:09:06
22700.0,5100,0.0,0.0,SD,2216900.0,2231200.0,False,0.0,14:09:06
22850.0,1000,150.0,0.0,BU,2193800.0,1985000.0,False,0.0,14:03:22
22850.0,3800,150.0,0.0,BU,2192800.0,1985000.0,False,0.0,14:03:05
22850.0,2000,150.0,0.0,BU,2189000.0,1985000.0,False,0.0,14:03:00
22850.0,100,150.0,0.0,BU,2187000.0,1985000.0,False,0.0,14:02:59
22850.0,1000,150.0,0.0,BU,2186900.0,1985000.0,False,0.0,14:02:31
22850.0,1000,150.0,0.0,BU,2185900.0,1985000.0,False,50.0,14:02:30
22800.0,900,100.0,0.0,SD,2184900.0,1985000.0,False,0.0,14:02:29
22800.0,100,100.0,0.0,SD,2184900.0,1984100.0,False,0.0,14:02:29
22800.0,6100,100.0,0.0,SD,2184900.0,1984000.0,False,0.0,14:02:29
22800.0,1700,100.0,0.0,SD,2184900.0,1977900.0,False,0.0,14:02:29
22800.0,200,100.0,0.0,SD,2184900.0,1976200.0,False,0.0,14:02:29
22800.0,300,100.0,0.0,SD,2184900.0,1976000.0,False,0.0,14:02:12
22950.0,100,250.0,0.0,BU,2153700.0,1900900.0,False,50.0,13:58:25
22900.0,200,200.0,0.0,SD,2153600.0,1900900.0,False,0.0,13:58:19
22900.0,300,200.0,0.0,SD,2153600.0,1900700.0,False,0.0,13:58:19
22900.0,2200,200.0,0.0,SD,2153600.0,1900400.0,False,0.0,13:58:14
22900.0,200,200.0,0.0,SD,2153600.0,1898200.0,False,0.0,13:58:14
22900.0,200,200.0,0.0,SD,2153600.0,1898000.0,False,0.0,13:58:14
22900.0,100,200.0,0.0,SD,2153600.0,1897800.0,False,0.0,13:58:14
22900.0,100,200.0,0.0,SD,2153600.0,1897700.0,False,0.0,13:58:14
22900.0,500,200.0,0.0,SD,2153600.0,1897600.0,False,0.0,13:58:14
22900.0,100,200.0,0.0,SD,2153600.0,1897100.0,False,0.0,13:58:14
22900.0,700,200.0,0.0,SD,2153600.0,1897000.0,False,0.0,13:58:14
22900.0,900,200.0,0.0,SD,2153600.0,1896300.0,False,0.0,13:58:06
22900.0,300,200.0,0.0,SD,2153600.0,1895400.0,False,0.0,13:58:06
22900.0,600,200.0,0.0,SD,2153600.0,1895100.0,False,0.0,13:58:06
22900.0,200,200.0,0.0,SD,2153600.0,1894500.0,False,0.0,13:58:06
22900.0,100,200.0,0.0,SD,2153600.0,1894300.0,False,0.0,13:58:04
22900.0,300,200.0,0.0,SD,2153600.0,1894200.0,False,0.0,13:58:04
22900.0,500,200.0,0.0,SD,2153600.0,1893900.0,False,0.0,13:58:04
22900.0,1000,200.0,0.0,SD,2153600.0,1893400.0,False,0.0,13:57:56
22900.0,1600,200.0,0.0,SD,2153600.0,1892400.0,False,0.0,13:57:56
22900.0,400,200.0,0.0,SD,2153600.0,1890800.0,False,0.0,13:57:55
22900.0,1600,200.0,0.0,SD,2153600.0,1890400.0,False,0.0,13:57:55
22900.0,600,200.0,0.0,SD,2153600.0,1888800.0,False,0.0,13:57:49
22900.0,600,200.0,0.0,SD,2153600.0,1888200.0,False,0.0,13:57:42
22900.0,15200,200.0,0.0,SD,2153600.0,1887600.0,True,0.0,13:57:36
22900.0,400,200.0,0.0,SD,2153600.0,1872400.0,False,0.0,13:57:36
22900.0,500,200.0,0.0,SD,2153600.0,1872000.0,False,0.0,13:57:36
22900.0,200,200.0,0.0,SD,2153600.0,1871500.0,False,0.0,13:57:36
22900.0,500,200.0,0.0,SD,2153600.0,1871300.0,False,0.0,13:57:36
22900.0,3200,200.0,0.0,SD,2153600.0,1870800.0,False,0.0,13:57:36
22900.0,600,200.0,0.0,SD,2153600.0,1867600.0,False,0.0,13:57:35
22900.0,1500,200.0,0.0,SD,2153600.0,1867000.0,False,0.0,13:57:17
22900.0,4400,200.0,0.0,SD,2153600.0,1865500.0,False,0.0,13:57:01
22900.0,1000,200.0,0.0,SD,2153600.0,1861100.0,False,-50.0,13:56:28
22950.0,200,250.0,0.0,BU,2153600.0,1860100.0,False,0.0,13:56:16
22950.0,1000,250.0,0.0,BU,2153400.0,1860100.0,False,0.0,13:56:09
22950.0,1000,250.0,0.0,BU,2152400.0,1860100.0,False,0.0,13:55:59
22950.0,200,250.0,0.0,BU,2151400.0,1860100.0,False,0.0,13:55:56
22950.0,500,250.0,0.0,BU,2151200.0,1860100.0,False,0.0,13:55:56
22950.0,300,250.0,0.0,BU,2150700.0,1860100.0,False,50.0,13:55:56
22900.0,14300,200.0,0.0,SD,2150400.0,1860100.0,True,0.0,13:55:32
22900.0,200,200.0,0.0,SD,2150400.0,1845800.0,False,0.0,13:55:32
22900.0,200,200.0,0.0,SD,2150400.0,1845600.0,False,0.0,13:55:32
22900.0,1000,200.0,0.0,SD,2150400.0,1845400.0,False,0.0,13:55:32
22900.0,500,200.0,0.0,SD,2150400.0,1844400.0,False,0.0,13:55:32
22900.0,300,200.0,0.0,SD,2150400.0,1843900.0,False,0.0,13:55:32
22900.0,2000,200.0,0.0,SD,2150400.0,1843600.0,False,0.0,13:55:32
22900.0,1500,200.0,0.0,SD,2150400.0,1841600.0,False,-50.0,13:55:32
22950.0,1800,250.0,0.0,BU,2150400.0,1840100.0,False,0.0,13:55:20
22950.0,100,250.0,0.0,BU,2148600.0,1840100.0,False,0.0,13:55:07
22950.0,1500,250.0,0.0,SD,2148500.0,1840100.0,False,0.0,13:55:05
22950.0,5000,250.0,0.0,SD,2148500.0,1838600.0,False,0.0,13:55:05
22950.0,5000,250.0,0.0,SD,2148500.0,1833600.0,False,0.0,13:55:05
22950.0,2000,250.0,0.0,SD,2148500.0,1828600.0,False,0.0,13:55:05
22950.0,5000,250.0,0.0,SD,2148500.0,1826600.0,False,0.0,13:55:05
22950.0,4300,250.0,0.0,SD,2148500.0,1821600.0,False,-50.0,13:55:05
23000.0,1000,300.0,0.0,BU,2148500.0,1817300.0,False,0.0,13:54:57
23000.0,4900,300.0,0.0,BU,2147500.0,1817300.0,False,0.0,13:54:44
23000.0,200,300.0,0.0,BU,2142600.0,1817300.0,False,0.0,13:54:39
23000.0,6600,300.0,0.0,BU,2142400.0,1817300.0,False,0.0,13:54:39
23000.0,2000,300.0,0.0,BU,2135800.0,1817300.0,False,0.0,13:54:39
23000.0,400,300.0,0.0,BU,2133800.0,1817300.0,False,0.0,13:54:39
23000.0,20000,300.0,0.0,BU,2133400.0,1817300.0,True,0.0,13:54:39
23000.0,200,300.0,0.0,BU,2113400.0,1817300.0,False,0.0,13:54:39
23000.0,1000,300.0,0.0,BU,2113200.0,1817300.0,False,0.0,13:54:39
23000.0,100,300.0,0.0,BU,2112200.0,1817300.0,False,0.0,13:54:39
23000.0,100,300.0,0.0,BU,2112100.0,1817300.0,False,0.0,13:54:39
23000.0,2000,300.0,0.0,BU,2112000.0,1817300.0,False,0.0,13:54:39
23000.0,100,300.0,0.0,BU,2110000.0,1817300.0,False,0.0,13:54:39
23000.0,3000,300.0,0.0,BU,2109900.0,1817300.0,False,0.0,13:54:39
23000.0,100,300.0,0.0,BU,2106900.0,1817300.0,False,0.0,13:54:39
22700.0,500,0.0,0.0,SD,2198200.0,2140200.0,False,0.0,14:06:29
22700.0,1000,0.0,0.0,SD,2198200.0,2139700.0,False,0.0,14:06:29
22700.0,100,0.0,0.0,SD,2198200.0,2138700.0,False,0.0,14:06:29
22700.0,200,0.0,0.0,SD,2198200.0,2138600.0,False,0.0,14:06:29
22700.0,5000,0.0,0.0,SD,2198200.0,2138400.0,False,0.0,14:06:29
22700.0,100,0.0,0.0,SD,2198200.0,2133400.0,False,0.0,14:06:29
22700.0,300,0.0,0.0,SD,2198200.0,2133300.0,False,0.0,14:06:29
22700.0,100,0.0,0.0,SD,2198200.0,2133000.0,False,0.0,14:06:29
22700.0,600,0.0,0.0,SD,2198200.0,2132900.0,False,0.0,14:06:29
22700.0,100,0.0,0.0,SD,2198200.0,2132300.0,False,0.0,14:06:29
22700.0,100,0.0,0.0,SD,2198200.0,2132200.0,False,0.0,14:06:29
22700.0,5000,0.0,0.0,SD,2198200.0,2132100.0,False,0.0,14:06:29
22700.0,100,0.0,0.0,SD,2198200.0,2127100.0,False,0.0,14:06:29
22700.0,300,0.0,0.0,SD,2198200.0,2127000.0,False,0.0,14:06:29
22700.0,1000,0.0,0.0,SD,2198200.0,2126700.0,False,0.0,14:06:29
22700.0,500,0.0,0.0,SD,2198200.0,2125700.0,False,0.0,14:06:29
22700.0,600,0.0,0.0,SD,2198200.0,2125200.0,False,0.0,14:06:29
22700.0,500,0.0,0.0,SD,2198200.0,2124600.0,False,0.0,14:06:29
22700.0,300,0.0,0.0,SD,2198200.0,2124100.0,False,0.0,14:06:29
22700.0,100,0.0,0.0,SD,2198200.0,2123800.0,False,0.0,14:06:29
22700.0,100,0.0,0.0,SD,2198200.0,2123700.0,False,0.0,14:06:29
22700.0,100,0.0,0.0,SD,2198200.0,2123600.0,False,0.0,14:06:29
22700.0,100,0.0,0.0,SD,2198200.0,2123500.0,False,0.0,14:06:29
22700.0,1000,0.0,0.0,SD,2198200.0,2123400.0,False,0.0,14:06:29
22700.0,100,0.0,0.0,SD,2198200.0,2122400.0,False,0.0,14:06:29
22700.0,1000,0.0,0.0,SD,2198200.0,2122300.0,False,0.0,14:06:29
22700.0,200,0.0,0.0,SD,2198200.0,2121300.0,False,-50.0,14:06:29
22750.0,300,50.0,0.0,BU,2198200.0,2121100.0,False,0.0,14:06:06
22750.0,1000,50.0,0.0,SD,2197900.0,2121100.0,False,0.0,14:05:59
22750.0,200,50.0,0.0,SD,2197900.0,2120100.0,False,0.0,14:05:59
22750.0,1000,50.0,0.0,SD,2197900.0,2119900.0,False,0.0,14:05:59
22750.0,1000,50.0,0.0,SD,2197900.0,2118900.0,False,0.0,14:05:59
22750.0,5000,50.0,0.0,SD,2197900.0,2117900.0,False,0.0,14:05:59
22750.0,1000,50.0,0.0,SD,2197900.0,2112900.0,False,0.0,14:05:59
22750.0,900,50.0,0.0,SD,2197900.0,2111900.0,False,0.0,14:05:59
22750.0,4000,50.0,0.0,SD,2197900.0,2111000.0,False,0.0,14:05:57
22750.0,5100,50.0,0.0,SD,2197900.0,2107000.0,False,0.0,14:05:50
22750.0,500,50.0,0.0,SD,2197900.0,2101900.0,False,0.0,14:05:50
22750.0,500,50.0,0.0,SD,2197900.0,2101400.0,False,0.0,14:05:50
22750.0,200,50.0,0.0,SD,2197900.0,2100900.0,False,0.0,14:05:50
22750.0,100,50.0,0.0,SD,2197900.0,2100700.0,False,0.0,14:05:50
22750.0,100,50.0,0.0,SD,2197900.0,2100600.0,False,0.0,14:05:50
22750.0,600,50.0,0.0,SD,2197900.0,2100500.0,False,0.0,14:05:50
22750.0,100,50.0,0.0,SD,2197900.0,2099900.0,False,0.0,14:05:50
22750.0,100,50.0,0.0,SD,2197900.0,2099800.0,False,0.0,14:05:50
22750.0,200,50.0,0.0,SD,2197900.0,2099700.0,False,0.0,14:05:50
22750.0,2200,50.0,0.0,SD,2197900.0,2099500.0,False,0.0,14:05:50
22750.0,2600,50.0,0.0,SD,2197900.0,2097300.0,False,0.0,14:05:36
22750.0,100,50.0,0.0,SD,2197900.0,2094700.0,False,0.0,14:05:36
22750.0,3000,50.0,0.0,SD,2197900.0,2094600.0,False,0.0,14:05:33
22750.0,500,50.0,0.0,SD,2197900.0,2091600.0,False,0.0,14:05:33
22750.0,200,50.0,0.0,SD,2197900.0,2091100.0,False,0.0,14:05:33
22750.0,100,50.0,0.0,SD,2197900.0,2090900.0,False,0.0,14:05:33
22750.0,100,50.0,0.0,SD,2197900.0,2090800.0,False,-50.0,14:05:33
22800.0,1600,100.0,0.0,SD,2197900.0,2090700.0,False,0.0,14:05:09
22800.0,5000,100.0,0.0,SD,2197900.0,2089100.0,False,0.0,14:05:09
22800.0,100,100.0,0.0,SD,2197900.0,2084100.0,False,0.0,14:05:09
22800.0,200,100.0,0.0,SD,2197900.0,2084000.0,False,0.0,14:05:09
22800.0,1000,100.0,0.0,SD,2197900.0,2083800.0,False,0.0,14:05:09
22800.0,5000,100.0,0.0,SD,2197900.0,2082800.0,False,0.0,14:05:09
22800.0,2000,100.0,0.0,SD,2197900.0,2077800.0,False,0.0,14:05:09
22800.0,1000,100.0,0.0,SD,2197900.0,2075800.0,False,0.0,14:05:09
22800.0,400,100.0,0.0,SD,2197900.0,2074800.0,False,0.0,14:05:09
22800.0,3000,100.0,0.0,SD,2197900.0,2074400.0,False,0.0,14:05:09
22800.0,500,100.0,0.0,SD,2197900.0,2071400.0,False,0.0,14:05:09
22800.0,200,100.0,0.0,SD,2197900.0,2070900.0,False,0.0,14:05:09
22800.0,100,100.0,0.0,SD,2197900.0,2070700.0,False,0.0,14:05:09
22800.0,300,100.0,0.0,SD,2197900.0,2070600.0,False,0.0,14:05:09
22800.0,500,100.0,0.0,SD,2197900.0,2070300.0,False,0.0,14:05:09
22800.0,300,100.0,0.0,SD,2197900.0,2069800.0,False,0.0,14:05:09
22800.0,100,100.0,0.0,SD,2197900.0,2069500.0,False,0.0,14:05:09
22800.0,1000,100.0,0.0,SD,2197900.0,2069400.0,False,0.0,14:05:09
22800.0,10000,100.0,0.0,SD,2197900.0,2068400.0,True,0.0,14:05:09
22800.0,500,100.0,0.0,SD,2197900.0,2058400.0,False,0.0,14:05:09
22800.0,500,100.0,0.0,SD,2197900.0,2057900.0,False,0.0,14:05:09
22800.0,1000,100.0,0.0,SD,2197900.0,2057400.0,False,0.0,14:05:09
22800.0,100,100.0,0.0,SD,2197900.0,2056400.0,False,0.0,14:05:09
22800.0,100,100.0,0.0,SD,2197900.0,2056300.0,False,0.0,14:05:09
22800.0,1000,100.0,0.0,SD,2197900.0,2056200.0,False,0.0,14:05:09
22800.0,20700,100.0,0.0,SD,2197900.0,2055200.0,True,0.0,14:05:09
22800.0,200,100.0,0.0,SD,2197900.0,2034500.0,False,0.0,14:05:09
22800.0,300,100.0,0.0,SD,2197900.0,2034300.0,False,0.0,14:05:09
22800.0,500,100.0,0.0,SD,2197900.0,2034000.0,False,0.0,14:05:09
22800.0,200,100.0,0.0,SD,2197900.0,2033500.0,False,0.0,14:05:09
22800.0,300,100.0,0.0,SD,2197900.0,2033300.0,False,0.0,14:05:09
22800.0,200,100.0,0.0,SD,2197900.0,2033000.0,False,0.0,14:05:09
22800.0,500,100.0,0.0,SD,2197900.0,2032800.0,False,0.0,14:05:09
22800.0,400,100.0,0.0,SD,2197900.0,2032300.0,False,0.0,14:05:09
22800.0,3000,100.0,0.0,SD,2197900.0,2031900.0,False,0.0,14:05:09
22800.0,700,100.0,0.0,SD,2197900.0,2028900.0,False,0.0,14:05:09
22800.0,3000,100.0,0.0,SD,2197900.0,2028200.0,False,-50.0,14:05:08
22850.0,800,150.0,0.0,BU,2197900.0,2025200.0,False,0.0,14:04:51
22850.0,1200,150.0,0.0,BU,2197100.0,2025200.0,False,50.0,14:04:51
22800.0,1300,100.0,0.0,SD,2195900.0,2025200.0,False,0.0,14:04:49
22800.0,1500,100.0,0.0,SD,2195900.0,2023900.0,False,0.0,14:04:49
22800.0,500,100.0,0.0,SD,2195900.0,2022400.0,False,0.0,14:04:44
22800.0,1000,100.0,0.0,SD,2195900.0,2021900.0,False,0.0,14:04:44
22800.0,5000,100.0,0.0,SD,2195900.0,2020900.0,False,0.0,14:04:44
22800.0,500,100.0,0.0,SD,2195900.0,2015900.0,False,0.0,14:04:44
22800.0,200,100.0,0.0,SD,2195900.0,2015400.0,False,0.0,14:04:44
23000.0,4000,300.0,0.0,BU,1926000.0,1746000.0,False,0.0,13:46:08
23000.0,500,300.0,0.0,BU,1922000.0,1746000.0,False,0.0,13:46:01
23000.0,100,300.0,0.0,BU,1921500.0,1746000.0,False,0.0,13:45:59
23000.0,600,300.0,0.0,BU,1921400.0,1746000.0,False,0.0,13:45:43
23000.0,300,300.0,0.0,BU,1920800.0,1746000.0,False,0.0,13:45:40
23000.0,200,300.0,0.0,BU,1920500.0,1746000.0,False,0.0,13:45:24
23000.0,600,300.0,0.0,BU,1920300.0,1746000.0,False,0.0,13:45:22
23000.0,100,300.0,0.0,BU,1919700.0,1746000.0,False,0.0,13:45:10
23000.0,600,300.0,0.0,BU,1919600.0,1746000.0,False,0.0,13:44:57
23000.0,1000,300.0,0.0,BU,1919000.0,1746000.0,False,0.0,13:44:47
23000.0,900,300.0,0.0,BU,1918000.0,1746000.0,False,0.0,13:44:21
23000.0,9100,300.0,0.0,BU,1917100.0,1746000.0,True,0.0,13:44:20
23000.0,300,300.0,0.0,BU,1908000.0,1746000.0,False,0.0,13:44:20
23000.0,1000,300.0,0.0,BU,1907700.0,1746000.0,False,0.0,13:44:20
23000.0,600,300.0,0.0,BU,1906700.0,1746000.0,False,0.0,13:44:20
23000.0,700,300.0,0.0,BU,1906100.0,1746000.0,False,0.0,13:44:20
23000.0,1000,300.0,0.0,BU,1905400.0,1746000.0,False,0.0,13:44:20
23000.0,200,300.0,0.0,BU,1904400.0,1746000.0,False,0.0,13:44:20
23000.0,200,300.0,0.0,BU,1904200.0,1746000.0,False,0.0,13:44:20
23000.0,200,300.0,0.0,BU,1904000.0,1746000.0,False,0.0,13:44:20
23000.0,100,300.0,0.0,BU,1903800.0,1746000.0,False,0.0,13:44:20
23000.0,300,300.0,0.0,BU,1903700.0,1746000.0,False,0.0,13:44:20
23000.0,1000,300.0,0.0,BU,1903400.0,1746000.0,False,0.0,13:44:20
23000.0,3000,300.0,0.0,BU,1902400.0,1746000.0,False,0.0,13:44:20
23000.0,100,300.0,0.0,BU,1899400.0,1746000.0,False,0.0,13:44:20
23000.0,100,300.0,0.0,BU,1899300.0,1746000.0,False,0.0,13:44:20
23000.0,700,300.0,0.0,BU,1899200.0,1746000.0,False,0.0,13:44:20
23000.0,1000,300.0,0.0,BU,1898500.0,1746000.0,False,0.0,13:44:20
23000.0,6000,300.0,0.0,BU,1897500.0,1746000.0,False,0.0,13:44:20
23000.0,500,300.0,0.0,BU,1891500.0,1746000.0,False,0.0,13:44:20
23000.0,100,300.0,0.0,BU,1891000.0,1746000.0,False,0.0,13:44:20
23000.0,3800,300.0,0.0,BU,1890900.0,1746000.0,False,50.0,13:44:20
22950.0,500,250.0,0.0,SD,1887100.0,1746000.0,False,-50.0,13:43:50
23000.0,1200,300.0,0.0,BU,1887100.0,1745500.0,False,0.0,13:43:49
23000.0,2000,300.0,0.0,BU,1885900.0,1745500.0,False,0.0,13:43:49
23000.0,500,300.0,0.0,BU,1883900.0,1745500.0,False,0.0,13:43:49
23000.0,100,300.0,0.0,BU,1883400.0,1745500.0,False,0.0,13:43:49
23000.0,1000,300.0,0.0,BU,1883300.0,1745500.0,False,0.0,13:43:49
23000.0,500,300.0,0.0,BU,1882300.0,1745500.0,False,0.0,13:43:49
23000.0,100,300.0,0.0,BU,1881800.0,1745500.0,False,0.0,13:43:49
23000.0,500,300.0,0.0,BU,1881700.0,1745500.0,False,0.0,13:43:49
23000.0,100,300.0,0.0,BU,1881200.0,1745500.0,False,50.0,13:43:49
22950.0,100,250.0,0.0,SD,1881100.0,1745500.0,False,0.0,13:43:27
22950.0,5000,250.0,0.0,SD,1881100.0,1745400.0,False,0.0,13:43:21
22950.0,4000,250.0,0.0,SD,1881100.0,1740400.0,False,0.0,13:43:09
22950.0,600,250.0,0.0,SD,1881100.0,1736400.0,False,0.0,13:42:54
22950.0,100,250.0,0.0,BU,1881100.0,1735800.0,False,0.0,13:42:54
22950.0,800,250.0,0.0,BU,1881000.0,1735800.0,False,0.0,13:42:54
22950.0,500,250.0,0.0,BU,1880200.0,1735800.0,False,0.0,13:42:54
22950.0,900,250.0,0.0,BU,1879700.0,1735800.0,False,0.0,13:42:54
22950.0,1000,250.0,0.0,BU,1878800.0,1735800.0,False,0.0,13:42:54
22950.0,200,250.0,0.0,BU,1877800.0,1735800.0,False,0.0,13:42:54
22950.0,100,250.0,0.0,BU,1877600.0,1735800.0,False,0.0,13:42:54
22950.0,1000,250.0,0.0,BU,1877500.0,1735800.0,False,0.0,13:42:54
22950.0,3900,250.0,0.0,BU,1876500.0,1735800.0,False,0.0,13:42:54
22950.0,1100,250.0,0.0,BU,1872600.0,1735800.0,False,0.0,13:42:54
22950.0,1400,250.0,0.0,BU,1871500.0,1735800.0,False,0.0,13:42:54
22950.0,1000,250.0,0.0,BU,1870100.0,1735800.0,False,0.0,13:42:54
22950.0,200,250.0,0.0,BU,1869100.0,1735800.0,False,0.0,13:42:54
22950.0,600,250.0,0.0,BU,1868900.0,1735800.0,False,0.0,13:42:54
22950.0,4200,250.0,0.0,BU,1868300.0,1735800.0,False,0.0,13:42:54
22950.0,500,250.0,0.0,BU,1864100.0,1735800.0,False,0.0,13:42:54
22950.0,500,250.0,0.0,BU,1863600.0,1735800.0,False,0.0,13:42:54
22950.0,1000,250.0,0.0,BU,1863100.0,1735800.0,False,0.0,13:42:54
22950.0,100,250.0,0.0,BU,1862100.0,1735800.0,False,50.0,13:42:54
22900.0,2000,200.0,0.0,SD,1862000.0,1735800.0,False,0.0,13:42:37
22900.0,3000,200.0,0.0,SD,1862000.0,1733800.0,False,-50.0,13:42:21
22950.0,1000,250.0,0.0,BU,1862000.0,1730800.0,False,0.0,13:42:04
22950.0,200,250.0,0.0,BU,1861000.0,1730800.0,False,0.0,13:42:04
22950.0,200,250.0,0.0,BU,1860800.0,1730800.0,False,0.0,13:42:04
22950.0,900,250.0,0.0,BU,1860600.0,1730800.0,False,50.0,13:41:45
22900.0,8000,200.0,0.0,SD,1859700.0,1730800.0,False,0.0,13:41:29
22900.0,1000,200.0,0.0,SD,1859700.0,1722800.0,False,0.0,13:40:15
22900.0,500,200.0,0.0,BU,1859700.0,1721800.0,False,0.0,13:40:08
22900.0,100,200.0,0.0,BU,1859200.0,1721800.0,False,0.0,13:40:07
22900.0,1000,200.0,0.0,BU,1859100.0,1721800.0,False,0.0,13:40:00
22900.0,800,200.0,0.0,BU,1858100.0,1721800.0,False,0.0,13:39:58
22900.0,1100,200.0,0.0,BU,1857300.0,1721800.0,False,0.0,13:39:49
22900.0,1300,200.0,0.0,BU,1856200.0,1721800.0,False,0.0,13:39:49
22900.0,200,200.0,0.0,SD,1854900.0,1721800.0,False,0.0,13:39:49
22900.0,500,200.0,0.0,SD,1854900.0,1721600.0,False,0.0,13:39:49
22900.0,1000,200.0,0.0,SD,1854900.0,1721100.0,False,0.0,13:39:49
22900.0,1100,200.0,0.0,SD,1854900.0,1720100.0,False,0.0,13:39:49
22900.0,1000,200.0,0.0,SD,1854900.0,1719000.0,False,0.0,13:39:49
22900.0,100,200.0,0.0,SD,1854900.0,1718000.0,False,0.0,13:39:49
22900.0,700,200.0,0.0,SD,1854900.0,1717900.0,False,0.0,13:39:49
22900.0,100,200.0,0.0,SD,1854900.0,1717200.0,False,0.0,13:39:49
22900.0,500,200.0,0.0,SD,1854900.0,1717100.0,False,0.0,13:39:49
22900.0,1000,200.0,0.0,SD,1854900.0,1716600.0,False,0.0,13:39:49
22900.0,3300,200.0,0.0,SD,1854900.0,1715600.0,False,-50.0,13:39:49
22950.0,600,250.0,0.0,BU,1854900.0,1712300.0,False,0.0,13:39:02
22950.0,200,250.0,0.0,BU,1854300.0,1712300.0,False,0.0,13:38:30
22950.0,400,250.0,0.0,BU,1854100.0,1712300.0,False,0.0,13:38:30
22950.0,100,250.0,0.0,BU,1853700.0,1712300.0,False,0.0,13:38:27
22950.0,200,250.0,0.0,BU,1853600.0,1712300.0,False,0.0,13:38:27
22950.0,100,250.0,0.0,BU,1853400.0,1712300.0,False,0.0,13:38:27
22950.0,100,250.0,0.0,BU,1853300.0,1712300.0,False,0.0,13:38:27
22950.0,600,250.0,0.0,BU,1853200.0,1712300.0,False,50.0,13:37:40
22900.0,200,200.0,0.0,SD,1852600.0,1712300.0,False,0.0,13:37:36
22900.0,100,200.0,0.0,SD,1852600.0,1712100.0,False,0.0,13:37:19
22900.0,500,200.0,0.0,BU,2174600.0,1900900.0,False,0.0,13:59:00
22900.0,100,200.0,0.0,BU,2174100.0,1900900.0,False,0.0,13:58:56
22900.0,10000,200.0,0.0,BU,2174000.0,1900900.0,True,0.0,13:58:48
22900.0,100,200.0,0.0,BU,2164000.0,1900900.0,False,0.0,13:58:42
22900.0,1000,200.0,0.0,BU,2163900.0,1900900.0,False,0.0,13:58:42
22900.0,4800,200.0,0.0,BU,2162900.0,1900900.0,False,-50.0,13:58:42
22950.0,4400,250.0,0.0,BU,2158100.0,1900900.0,False,0.0,13:58:38
22950.0,100,250.0,0.0,BU,2153700.0,1900900.0,False,50.0,13:58:25
22900.0,200,200.0,0.0,SD,2153600.0,1900900.0,False,0.0,13:58:19
22900.0,300,200.0,0.0,SD,2153600.0,1900700.0,False,0.0,13:58:19
22900.0,2200,200.0,0.0,SD,2153600.0,1900400.0,False,0.0,13:58:14
22900.0,200,200.0,0.0,SD,2153600.0,1898200.0,False,0.0,13:58:14
22900.0,200,200.0,0.0,SD,2153600.0,1898000.0,False,0.0,13:58:14
22900.0,100,200.0,0.0,SD,2153600.0,1897800.0,False,0.0,13:58:14
22900.0,100,200.0,0.0,SD,2153600.0,1897700.0,False,0.0,13:58:14
22900.0,500,200.0,0.0,SD,2153600.0,1897600.0,False,0.0,13:58:14
22900.0,100,200.0,0.0,SD,2153600.0,1897100.0,False,0.0,13:58:14
22900.0,700,200.0,0.0,SD,2153600.0,1897000.0,False,0.0,13:58:14
22900.0,900,200.0,0.0,SD,2153600.0,1896300.0,False,0.0,13:58:06
22900.0,300,200.0,0.0,SD,2153600.0,1895400.0,False,0.0,13:58:06
22900.0,600,200.0,0.0,SD,2153600.0,1895100.0,False,0.0,13:58:06
22900.0,200,200.0,0.0,SD,2153600.0,1894500.0,False,0.0,13:58:06
22900.0,100,200.0,0.0,SD,2153600.0,1894300.0,False,0.0,13:58:04
22900.0,300,200.0,0.0,SD,2153600.0,1894200.0,False,0.0,13:58:04
22900.0,500,200.0,0.0,SD,2153600.0,1893900.0,False,0.0,13:58:04
22900.0,1000,200.0,0.0,SD,2153600.0,1893400.0,False,0.0,13:57:56
22900.0,1600,200.0,0.0,SD,2153600.0,1892400.0,False,0.0,13:57:56
22900.0,400,200.0,0.0,SD,2153600.0,1890800.0,False,0.0,13:57:55
22900.0,1600,200.0,0.0,SD,2153600.0,1890400.0,False,0.0,13:57:55
22900.0,600,200.0,0.0,SD,2153600.0,1888800.0,False,0.0,13:57:49
22900.0,600,200.0,0.0,SD,2153600.0,1888200.0,False,0.0,13:57:42
22900.0,15200,200.0,0.0,SD,2153600.0,1887600.0,True,0.0,13:57:36
22900.0,400,200.0,0.0,SD,2153600.0,1872400.0,False,0.0,13:57:36
22900.0,500,200.0,0.0,SD,2153600.0,1872000.0,False,0.0,13:57:36
22900.0,200,200.0,0.0,SD,2153600.0,1871500.0,False,0.0,13:57:36
22900.0,500,200.0,0.0,SD,2153600.0,1871300.0,False,0.0,13:57:36
22900.0,3200,200.0,0.0,SD,2153600.0,1870800.0,False,0.0,13:57:36
22900.0,600,200.0,0.0,SD,2153600.0,1867600.0,False,0.0,13:57:35
22900.0,1500,200.0,0.0,SD,2153600.0,1867000.0,False,0.0,13:57:17
22900.0,4400,200.0,0.0,SD,2153600.0,1865500.0,False,0.0,13:57:01
22900.0,1000,200.0,0.0,SD,2153600.0,1861100.0,False,-50.0,13:56:28
22950.0,200,250.0,0.0,BU,2153600.0,1860100.0,False,0.0,13:56:16
22950.0,1000,250.0,0.0,BU,2153400.0,1860100.0,False,0.0,13:56:09
22950.0,1000,250.0,0.0,BU,2152400.0,1860100.0,False,0.0,13:55:59
22950.0,200,250.0,0.0,BU,2151400.0,1860100.0,False,0.0,13:55:56
22950.0,500,250.0,0.0,BU,2151200.0,1860100.0,False,0.0,13:55:56
22950.0,300,250.0,0.0,BU,2150700.0,1860100.0,False,50.0,13:55:56
22900.0,14300,200.0,0.0,SD,2150400.0,1860100.0,True,0.0,13:55:32
22900.0,200,200.0,0.0,SD,2150400.0,1845800.0,False,0.0,13:55:32
22900.0,200,200.0,0.0,SD,2150400.0,1845600.0,False,0.0,13:55:32
22900.0,1000,200.0,0.0,SD,2150400.0,1845400.0,False,0.0,13:55:32
22900.0,500,200.0,0.0,SD,2150400.0,1844400.0,False,0.0,13:55:32
22900.0,300,200.0,0.0,SD,2150400.0,1843900.0,False,0.0,13:55:32
22900.0,2000,200.0,0.0,SD,2150400.0,1843600.0,False,0.0,13:55:32
22900.0,1500,200.0,0.0,SD,2150400.0,1841600.0,False,-50.0,13:55:32
22950.0,1800,250.0,0.0,BU,2150400.0,1840100.0,False,0.0,13:55:20
22950.0,100,250.0,0.0,BU,2148600.0,1840100.0,False,0.0,13:55:07
22950.0,1500,250.0,0.0,SD,2148500.0,1840100.0,False,0.0,13:55:05
22950.0,5000,250.0,0.0,SD,2148500.0,1838600.0,False,0.0,13:55:05
22950.0,5000,250.0,0.0,SD,2148500.0,1833600.0,False,0.0,13:55:05
22950.0,2000,250.0,0.0,SD,2148500.0,1828600.0,False,0.0,13:55:05
22950.0,5000,250.0,0.0,SD,2148500.0,1826600.0,False,0.0,13:55:05
22950.0,4300,250.0,0.0,SD,2148500.0,1821600.0,False,-50.0,13:55:05
23000.0,1000,300.0,0.0,BU,2148500.0,1817300.0,False,0.0,13:54:57
23000.0,4900,300.0,0.0,BU,2147500.0,1817300.0,False,0.0,13:54:44
23000.0,200,300.0,0.0,BU,2142600.0,1817300.0,False,0.0,13:54:39
23000.0,6600,300.0,0.0,BU,2142400.0,1817300.0,False,0.0,13:54:39
23000.0,2000,300.0,0.0,BU,2135800.0,1817300.0,False,0.0,13:54:39
23000.0,400,300.0,0.0,BU,2133800.0,1817300.0,False,0.0,13:54:39
23000.0,20000,300.0,0.0,BU,2133400.0,1817300.0,True,0.0,13:54:39
23000.0,200,300.0,0.0,BU,2113400.0,1817300.0,False,0.0,13:54:39
23000.0,1000,300.0,0.0,BU,2113200.0,1817300.0,False,0.0,13:54:39
23000.0,100,300.0,0.0,BU,2112200.0,1817300.0,False,0.0,13:54:39
23000.0,100,300.0,0.0,BU,2112100.0,1817300.0,False,0.0,13:54:39
23000.0,2000,300.0,0.0,BU,2112000.0,1817300.0,False,0.0,13:54:39
23000.0,100,300.0,0.0,BU,2110000.0,1817300.0,False,0.0,13:54:39
23000.0,3000,300.0,0.0,BU,2109900.0,1817300.0,False,0.0,13:54:39
23000.0,100,300.0,0.0,BU,2106900.0,1817300.0,False,0.0,13:54:39
23000.0,3900,300.0,0.0,BU,2106800.0,1817300.0,False,-50.0,13:54:39
23050.0,3800,350.0,0.0,BU,2102900.0,1817300.0,False,0.0,13:54:34
23050.0,1900,350.0,0.0,BU,2099100.0,1817300.0,False,0.0,13:54:34
23050.0,1800,350.0,0.0,BU,2097200.0,1817300.0,False,50.0,13:54:34
23000.0,600,300.0,0.0,SD,2095400.0,1817300.0,False,0.0,13:54:28
23000.0,500,300.0,0.0,SD,2095400.0,1816700.0,False,0.0,13:54:25
23000.0,600,300.0,0.0,SD,2095400.0,1816200.0,False,-50.0,13:54:23
23050.0,1200,350.0,0.0,BU,2095400.0,1815600.0,False,0.0,13:54:19
23050.0,100,350.0,0.0,BU,2094200.0,1815600.0,False,0.0,13:54:19
23050.0,1000,350.0,0.0,BU,2094100.0,1815600.0,False,0.0,13:54:19
23050.0,700,350.0,0.0,BU,2093100.0,1815600.0,False,50.0,13:54:19
23000.0,400,300.0,0.0,SD,2092400.0,1815600.0,False,0.0,13:54:17
23000.0,600,300.0,0.0,SD,2092400.0,1815200.0,False,0.0,13:54:15
23000.0,600,300.0,0.0,SD,2092400.0,1814600.0,False,-50.0,13:54:08
23050.0,100,350.0,0.0,BU,2092400.0,1814000.0,False,50.0,13:53:53
23000.0,5000,300.0,0.0,SD,2092300.0,1814000.0,False,0.0,13:53:44
23000.0,7800,300.0,0.0,SD,2092300.0,1809000.0,False,0.0,13:53:40
23000.0,400,300.0,0.0,SD,2092300.0,1801200.0,False,0.0,13:53:40
23000.0,1800,300.0,0.0,SD,2092300.0,1800800.0,False,0.0,13:53:40
23000.0,500,300.0,0.0,SD,2092300.0,1799000.0,False,0.0,13:53:37
23000.0,1000,300.0,0.0,SD,2092300.0,1798500.0,False,-50.0,13:53:04
23050.0,700,350.0,0.0,BU,2092300.0,1797500.0,False,0.0,13:52:53
22900.0,1500,200.0,0.0,BU,1799700.0,1665200.0,False,0.0,13:27:12
22900.0,200,200.0,0.0,BU,1798200.0,1665200.0,False,0.0,13:27:12
22900.0,800,200.0,0.0,BU,1798000.0,1665200.0,False,0.0,13:27:12
22900.0,500,200.0,0.0,BU,1797200.0,1665200.0,False,0.0,13:27:12
22900.0,4800,200.0,0.0,BU,1796700.0,1665200.0,False,0.0,13:27:11
22900.0,100,200.0,0.0,BU,1791900.0,1665200.0,False,0.0,13:27:11
22900.0,100,200.0,0.0,BU,1791800.0,1665200.0,False,0.0,13:27:11
22900.0,900,200.0,0.0,BU,1791700.0,1665200.0,False,0.0,13:27:05
22900.0,100,200.0,0.0,BU,1790800.0,1665200.0,False,0.0,13:27:05
22900.0,1000,200.0,0.0,BU,1790700.0,1665200.0,False,0.0,13:27:05
22900.0,300,200.0,0.0,BU,1789700.0,1665200.0,False,0.0,13:27:05
22900.0,5000,200.0,0.0,BU,1789400.0,1665200.0,False,0.0,13:27:04
22900.0,100,200.0,0.0,BU,1784400.0,1665200.0,False,0.0,13:27:04
22900.0,500,200.0,0.0,BU,1784300.0,1665200.0,False,0.0,13:27:04
22900.0,200,200.0,0.0,BU,1783800.0,1665200.0,False,0.0,13:27:04
22900.0,1900,200.0,0.0,BU,1783600.0,1665200.0,False,0.0,13:27:04
22900.0,1000,200.0,0.0,BU,1781700.0,1665200.0,False,0.0,13:26:57
22900.0,400,200.0,0.0,BU,1780700.0,1665200.0,False,0.0,13:26:57
22900.0,3600,200.0,0.0,BU,1780300.0,1665200.0,False,0.0,13:26:57
22900.0,1000,200.0,0.0,BU,1776700.0,1665200.0,False,0.0,13:26:50
22900.0,400,200.0,0.0,BU,1775700.0,1665200.0,False,0.0,13:26:50
22900.0,100,200.0,0.0,BU,1775300.0,1665200.0,False,0.0,13:26:50
22900.0,500,200.0,0.0,BU,1775200.0,1665200.0,False,0.0,13:26:50
22900.0,600,200.0,0.0,BU,1774700.0,1665200.0,False,0.0,13:26:50
22900.0,600,200.0,0.0,BU,1774100.0,1665200.0,False,0.0,13:26:13
22900.0,500,200.0,0.0,BU,1773500.0,1665200.0,False,0.0,13:26:00
22900.0,300,200.0,0.0,BU,1773000.0,1665200.0,False,0.0,13:25:57
22900.0,200,200.0,0.0,BU,1772700.0,1665200.0,False,0.0,13:25:57
22900.0,100,200.0,0.0,BU,1772500.0,1665200.0,False,0.0,13:25:57
22900.0,300,200.0,0.0,BU,1772400.0,1665200.0,False,0.0,13:25:22
22900.0,300,200.0,0.0,BU,1772100.0,1665200.0,False,0.0,13:25:22
22900.0,300,200.0,0.0,BU,1771800.0,1665200.0,False,0.0,13:25:12
22900.0,200,200.0,0.0,BU,1771500.0,1665200.0,False,50.0,13:25:10
22850.0,100,150.0,0.0,SD,1771300.0,1665200.0,False,0.0,13:24:27
22850.0,100,150.0,0.0,SD,1771300.0,1665100.0,False,0.0,13:24:22
22850.0,3500,150.0,0.0,SD,1771300.0,1665000.0,False,0.0,13:24:13
22850.0,400,150.0,0.0,SD,1771300.0,1661500.0,False,-50.0,13:23:27
22900.0,1200,200.0,0.0,BU,1771300.0,1661100.0,False,0.0,13:23:10
22900.0,800,200.0,0.0,BU,1770100.0,1661100.0,False,0.0,13:22:50
22900.0,600,200.0,0.0,BU,1769300.0,1661100.0,False,0.0,13:22:44
22900.0,100,200.0,0.0,BU,1768700.0,1661100.0,False,0.0,13:22:36
22900.0,1100,200.0,0.0,BU,1768600.0,1661100.0,False,0.0,13:22:01
22900.0,900,200.0,0.0,BU,1767500.0,1661100.0,False,50.0,13:22:01
22850.0,100,150.0,0.0,SD,1766600.0,1661100.0,False,-50.0,13:21:49
22900.0,600,200.0,0.0,BU,1766600.0,1661000.0,False,0.0,13:21:48
22900.0,1000,200.0,0.0,BU,1766000.0,1661000.0,False,0.0,13:21:48
22900.0,3900,200.0,0.0,BU,1765000.0,1661000.0,False,50.0,13:21:38
22850.0,200,150.0,0.0,SD,1761100.0,1661000.0,False,-50.0,13:21:36
22900.0,100,200.0,0.0,BU,1761100.0,1660800.0,False,0.0,13:21:23
22900.0,1000,200.0,0.0,BU,1761000.0,1660800.0,False,0.0,13:21:23
22900.0,500,200.0,0.0,BU,1760000.0,1660800.0,False,0.0,13:21:23
22900.0,1000,200.0,0.0,BU,1759500.0,1660800.0,False,0.0,13:21:23
22900.0,1800,200.0,0.0,BU,1758500.0,1660800.0,False,0.0,13:21:23
22900.0,500,200.0,0.0,BU,1756700.0,1660800.0,False,0.0,13:21:23
22900.0,100,200.0,0.0,BU,1756200.0,1660800.0,False,0.0,13:20:59
22900.0,4400,200.0,0.0,BU,1756100.0,1660800.0,False,0.0,13:20:35
22900.0,500,200.0,0.0,BU,1751700.0,1660800.0,False,0.0,13:20:35
22900.0,5000,200.0,0.0,BU,1751200.0,1660800.0,False,0.0,13:20:35
22900.0,500,200.0,0.0,BU,1746200.0,1660800.0,False,0.0,13:20:35
22900.0,100,200.0,0.0,BU,1745700.0,1660800.0,False,0.0,13:20:35
22900.0,10200,200.0,0.0,BU,1745600.0,1660800.0,True,0.0,13:20:35
22900.0,500,200.0,0.0,BU,1735400.0,1660800.0,False,0.0,13:20:35
22900.0,3900,200.0,0.0,BU,1734900.0,1660800.0,False,0.0,13:20:35
22900.0,100,200.0,0.0,BU,1731000.0,1660800.0,False,0.0,13:20:35
22900.0,900,200.0,0.0,BU,1730900.0,1660800.0,False,0.0,13:20:35
22900.0,1000,200.0,0.0,BU,1730000.0,1660800.0,False,0.0,13:20:35
22900.0,1400,200.0,0.0,BU,1729000.0,1660800.0,False,0.0,13:20:35
22900.0,600,200.0,0.0,BU,1727600.0,1660800.0,False,0.0,13:20:35
22900.0,600,200.0,0.0,BU,1727000.0,1660800.0,False,0.0,13:20:35
22900.0,600,200.0,0.0,BU,1726400.0,1660800.0,False,0.0,13:20:35
22900.0,600,200.0,0.0,BU,1725800.0,1660800.0,False,0.0,13:20:35
22900.0,600,200.0,0.0,BU,1725200.0,1660800.0,False,0.0,13:20:35
22900.0,600,200.0,0.0,BU,1724600.0,1660800.0,False,0.0,13:20:35
22900.0,700,200.0,0.0,BU,1724000.0,1660800.0,False,50.0,13:20:35
22850.0,500,150.0,0.0,SD,1723300.0,1660800.0,False,-50.0,13:20:35
22900.0,200,200.0,0.0,BU,1723300.0,1660300.0,False,0.0,13:20:31
22900.0,100,200.0,0.0,BU,1723100.0,1660300.0,False,50.0,13:20:22
22850.0,1000,150.0,0.0,SD,1723000.0,1660300.0,False,0.0,13:20:19
22850.0,100,150.0,0.0,SD,1723000.0,1659300.0,False,0.0,13:20:17
22850.0,100,150.0,0.0,SD,1723000.0,1659200.0,False,0.0,13:20:17
22850.0,100,150.0,0.0,SD,1723000.0,1659100.0,False,0.0,13:20:13
22850.0,3300,150.0,0.0,SD,1723000.0,1659000.0,False,0.0,13:20:13
22850.0,100,150.0,0.0,SD,1723000.0,1655700.0,False,0.0,13:20:13
22850.0,100,150.0,0.0,SD,1723000.0,1655600.0,False,0.0,13:20:01
22850.0,6500,150.0,0.0,SD,1723000.0,1655500.0,False,0.0,13:19:39
22850.0,500,150.0,0.0,SD,1723000.0,1649000.0,False,0.0,13:19:39
22850.0,1200,150.0,0.0,SD,1723000.0,1648500.0,False,0.0,13:19:39
22850.0,900,150.0,0.0,SD,1723000.0,1647300.0,False,0.0,13:19:39
22850.0,2100,150.0,0.0,SD,1723000.0,1646400.0,False,0.0,13:19:39
22850.0,500,150.0,0.0,SD,1723000.0,1644300.0,False,0.0,13:19:30
22850.0,1000,150.0,0.0,SD,1723000.0,1643800.0,False,0.0,13:19:22
22850.0,100,150.0,0.0,SD,1723000.0,1642800.0,False,0.0,13:19:10
22850.0,200,150.0,0.0,SD,1723000.0,1642700.0,False,0.0,13:19:08
22850.0,1000,150.0,0.0,SD,1723000.0,1642500.0,False,-50.0,13:18:49
22900.0,1400,200.0,0.0,BU,1723000.0,1641500.0,False,0.0,13:18:28
22900.0,400,200.0,0.0,BU,1721600.0,1641500.0,False,0.0,13:18:22
22900.0,2200,200.0,0.0,BU,1721200.0,1641500.0,False,0.0,13:18:16
22900.0,2300,200.0,0.0,BU,1719000.0,1641500.0,False,0.0,13:18:16
22900.0,1000,200.0,0.0,BU,1716700.0,1641500.0,False,0.0,13:18:16
22900.0,4500,200.0,0.0,BU,1715700.0,1641500.0,False,0.0,13:18:16
23000.0,1000,300.0,0.0,BU,1985900.0,1749000.0,False,0.0,13:46:44
23000.0,400,300.0,0.0,BU,1984900.0,1749000.0,False,0.0,13:46:44
23000.0,500,300.0,0.0,BU,1984500.0,1749000.0,False,0.0,13:46:44
23000.0,500,300.0,0.0,BU,1984000.0,1749000.0,False,0.0,13:46:44
23000.0,400,300.0,0.0,BU,1983500.0,1749000.0,False,0.0,13:46:44
23000.0,1000,300.0,0.0,BU,1983100.0,1749000.0,False,0.0,13:46:44
23000.0,100,300.0,0.0,BU,1982100.0,1749000.0,False,0.0,13:46:44
23000.0,100,300.0,0.0,BU,1982000.0,1749000.0,False,0.0,13:46:44
23000.0,2300,300.0,0.0,BU,1981900.0,1749000.0,False,0.0,13:46:44
23000.0,300,300.0,0.0,BU,1979600.0,1749000.0,False,0.0,13:46:44
23000.0,500,300.0,0.0,BU,1979300.0,1749000.0,False,0.0,13:46:44
23000.0,1100,300.0,0.0,BU,1978800.0,1749000.0,False,0.0,13:46:44
23000.0,500,300.0,0.0,BU,1977700.0,1749000.0,False,0.0,13:46:44
23000.0,100,300.0,0.0,BU,1977200.0,1749000.0,False,0.0,13:46:44
23000.0,100,300.0,0.0,BU,1977100.0,1749000.0,False,0.0,13:46:44
23000.0,100,300.0,0.0,BU,1977000.0,1749000.0,False,0.0,13:46:44
23000.0,300,300.0,0.0,BU,1976900.0,1749000.0,False,0.0,13:46:44
23000.0,100,300.0,0.0,BU,1976600.0,1749000.0,False,0.0,13:46:44
23000.0,200,300.0,0.0,BU,1976500.0,1749000.0,False,0.0,13:46:44
23000.0,700,300.0,0.0,BU,1976300.0,1749000.0,False,0.0,13:46:44
23000.0,300,300.0,0.0,BU,1975600.0,1749000.0,False,0.0,13:46:28
23000.0,500,300.0,0.0,BU,1975300.0,1749000.0,False,0.0,13:46:28
23000.0,200,300.0,0.0,BU,1974800.0,1749000.0,False,0.0,13:46:28
23000.0,100,300.0,0.0,BU,1974600.0,1749000.0,False,0.0,13:46:27
23000.0,1700,300.0,0.0,BU,1974500.0,1749000.0,False,0.0,13:46:21
23000.0,800,300.0,0.0,BU,1972800.0,1749000.0,False,0.0,13:46:21
23000.0,5000,300.0,0.0,BU,1972000.0,1749000.0,False,0.0,13:46:21
23000.0,500,300.0,0.0,BU,1967000.0,1749000.0,False,0.0,13:46:21
23000.0,400,300.0,0.0,BU,1966500.0,1749000.0,False,0.0,13:46:21
23000.0,200,300.0,0.0,BU,1966100.0,1749000.0,False,0.0,13:46:21
23000.0,200,300.0,0.0,BU,1965900.0,1749000.0,False,0.0,13:46:21
23000.0,100,300.0,0.0,BU,1965700.0,1749000.0,False,0.0,13:46:21
23000.0,400,300.0,0.0,BU,1965600.0,1749000.0,False,0.0,13:46:21
23000.0,200,300.0,0.0,BU,1965200.0,1749000.0,False,0.0,13:46:21
23000.0,1000,300.0,0.0,BU,1965000.0,1749000.0,False,0.0,13:46:21
23000.0,500,300.0,0.0,BU,1964000.0,1749000.0,False,0.0,13:46:21
23000.0,9000,300.0,0.0,BU,1963500.0,1749000.0,True,50.0,13:46:21
22950.0,3000,250.0,0.0,SD,1954500.0,1749000.0,False,-50.0,13:46:19
23000.0,5000,300.0,0.0,BU,1954500.0,1746000.0,False,0.0,13:46:18
23000.0,16000,300.0,0.0,BU,1949500.0,1746000.0,True,0.0,13:46:08
23000.0,400,300.0,0.0,BU,1933500.0,1746000.0,False,0.0,13:46:08
23000.0,400,300.0,0.0,BU,1933100.0,1746000.0,False,0.0,13:46:08
23000.0,2000,300.0,0.0,BU,1932700.0,1746000.0,False,0.0,13:46:08
23000.0,500,300.0,0.0,BU,1930700.0,1746000.0,False,0.0,13:46:08
23000.0,300,300.0,0.0,BU,1930200.0,1746000.0,False,0.0,13:46:08
23000.0,1000,300.0,0.0,BU,1929900.0,1746000.0,False,0.0,13:46:08
23000.0,100,300.0,0.0,BU,1928900.0,1746000.0,False,0.0,13:46:08
23000.0,100,300.0,0.0,BU,1928800.0,1746000.0,False,0.0,13:46:08
23000.0,100,300.0,0.0,BU,1928700.0,1746000.0,False,0.0,13:46:08
23000.0,200,300.0,0.0,BU,1928600.0,1746000.0,False,0.0,13:46:08
23000.0,200,300.0,0.0,BU,1928400.0,1746000.0,False,0.0,13:46:08
23000.0,1000,300.0,0.0,BU,1928200.0,1746000.0,False,0.0,13:46:08
23000.0,200,300.0,0.0,BU,1927200.0,1746000.0,False,0.0,13:46:08
23000.0,500,300.0,0.0,BU,1927000.0,1746000.0,False,0.0,13:46:08
23000.0,500,300.0,0.0,BU,1926500.0,1746000.0,False,0.0,13:46:08
23000.0,4000,300.0,0.0,BU,1926000.0,1746000.0,False,0.0,13:46:08
23000.0,500,300.0,0.0,BU,1922000.0,1746000.0,False,0.0,13:46:01
23000.0,100,300.0,0.0,BU,1921500.0,1746000.0,False,0.0,13:45:59
23000.0,600,300.0,0.0,BU,1921400.0,1746000.0,False,0.0,13:45:43
23000.0,300,300.0,0.0,BU,1920800.0,1746000.0,False,0.0,13:45:40
23000.0,200,300.0,0.0,BU,1920500.0,1746000.0,False,0.0,13:45:24
23000.0,600,300.0,0.0,BU,1920300.0,1746000.0,False,0.0,13:45:22
23000.0,100,300.0,0.0,BU,1919700.0,1746000.0,False,0.0,13:45:10
23000.0,600,300.0,0.0,BU,1919600.0,1746000.0,False,0.0,13:44:57
23000.0,1000,300.0,0.0,BU,1919000.0,1746000.0,False,0.0,13:44:47
23000.0,900,300.0,0.0,BU,1918000.0,1746000.0,False,0.0,13:44:21
23000.0,9100,300.0,0.0,BU,1917100.0,1746000.0,True,0.0,13:44:20
23000.0,300,300.0,0.0,BU,1908000.0,1746000.0,False,0.0,13:44:20
23000.0,1000,300.0,0.0,BU,1907700.0,1746000.0,False,0.0,13:44:20
23000.0,600,300.0,0.0,BU,1906700.0,1746000.0,False,0.0,13:44:20
23000.0,700,300.0,0.0,BU,1906100.0,1746000.0,False,0.0,13:44:20
23000.0,1000,300.0,0.0,BU,1905400.0,1746000.0,False,0.0,13:44:20
23000.0,200,300.0,0.0,BU,1904400.0,1746000.0,False,0.0,13:44:20
23000.0,200,300.0,0.0,BU,1904200.0,1746000.0,False,0.0,13:44:20
23000.0,200,300.0,0.0,BU,1904000.0,1746000.0,False,0.0,13:44:20
23000.0,100,300.0,0.0,BU,1903800.0,1746000.0,False,0.0,13:44:20
23000.0,300,300.0,0.0,BU,1903700.0,1746000.0,False,0.0,13:44:20
23000.0,1000,300.0,0.0,BU,1903400.0,1746000.0,False,0.0,13:44:20
23000.0,3000,300.0,0.0,BU,1902400.0,1746000.0,False,0.0,13:44:20
23000.0,100,300.0,0.0,BU,1899400.0,1746000.0,False,0.0,13:44:20
23000.0,100,300.0,0.0,BU,1899300.0,1746000.0,False,0.0,13:44:20
23000.0,700,300.0,0.0,BU,1899200.0,1746000.0,False,0.0,13:44:20
23000.0,1000,300.0,0.0,BU,1898500.0,1746000.0,False,0.0,13:44:20
23000.0,6000,300.0,0.0,BU,1897500.0,1746000.0,False,0.0,13:44:20
23000.0,500,300.0,0.0,BU,1891500.0,1746000.0,False,0.0,13:44:20
23000.0,100,300.0,0.0,BU,1891000.0,1746000.0,False,0.0,13:44:20
23000.0,3800,300.0,0.0,BU,1890900.0,1746000.0,False,50.0,13:44:20
22950.0,500,250.0,0.0,SD,1887100.0,1746000.0,False,-50.0,13:43:50
23000.0,1200,300.0,0.0,BU,1887100.0,1745500.0,False,0.0,13:43:49
23000.0,2000,300.0,0.0,BU,1885900.0,1745500.0,False,0.0,13:43:49
23000.0,500,300.0,0.0,BU,1883900.0,1745500.0,False,0.0,13:43:49
23000.0,100,300.0,0.0,BU,1883400.0,1745500.0,False,0.0,13:43:49
23000.0,1000,300.0,0.0,BU,1883300.0,1745500.0,False,0.0,13:43:49
23000.0,500,300.0,0.0,BU,1882300.0,1745500.0,False,0.0,13:43:49
23000.0,100,300.0,0.0,BU,1881800.0,1745500.0,False,0.0,13:43:49
23000.0,500,300.0,0.0,BU,1881700.0,1745500.0,False,0.0,13:43:49
23000.0,100,300.0,0.0,BU,1881200.0,1745500.0,False,50.0,13:43:49
22950.0,100,250.0,0.0,SD,1881100.0,1745500.0,False,0.0,13:43:27
22950.0,5000,250.0,0.0,SD,1881100.0,1745400.0,False,0.0,13:43:21
22950.0,4000,250.0,0.0,SD,1881100.0,1740400.0,False,0.0,13:43:09
22950.0,600,250.0,0.0,SD,1881100.0,1736400.0,False,0.0,13:42:54
22950.0,100,250.0,0.0,BU,1881100.0,1735800.0,False,0.0,13:42:54
22950.0,800,250.0,0.0,BU,1881000.0,1735800.0,False,0.0,13:42:54
22950.0,500,250.0,0.0,BU,1880200.0,1735800.0,False,0.0,13:42:54
22950.0,900,250.0,0.0,BU,1879700.0,1735800.0,False,0.0,13:42:54
22950.0,1000,250.0,0.0,BU,1878800.0,1735800.0,False,0.0,13:42:54
22950.0,200,250.0,0.0,BU,1877800.0,1735800.0,False,0.0,13:42:54
22950.0,100,250.0,0.0,BU,1877600.0,1735800.0,False,0.0,13:42:54
22950.0,1000,250.0,0.0,BU,1877500.0,1735800.0,False,0.0,13:42:54
22950.0,3900,250.0,0.0,BU,1876500.0,1735800.0,False,0.0,13:42:54
22950.0,1100,250.0,0.0,BU,1872600.0,1735800.0,False,0.0,13:42:54
22950.0,1400,250.0,0.0,BU,1871500.0,1735800.0,False,0.0,13:42:54
22950.0,1000,250.0,0.0,BU,1870100.0,1735800.0,False,0.0,13:42:54
22950.0,200,250.0,0.0,BU,1869100.0,1735800.0,False,0.0,13:42:54
22950.0,600,250.0,0.0,BU,1868900.0,1735800.0,False,0.0,13:42:54
22950.0,4200,250.0,0.0,BU,1868300.0,1735800.0,False,0.0,13:42:54
22950.0,500,250.0,0.0,BU,1864100.0,1735800.0,False,0.0,13:42:54
22950.0,500,250.0,0.0,BU,1863600.0,1735800.0,False,0.0,13:42:54
22950.0,1000,250.0,0.0,BU,1863100.0,1735800.0,False,0.0,13:42:54
22950.0,100,250.0,0.0,BU,1862100.0,1735800.0,False,50.0,13:42:54
22900.0,2000,200.0,0.0,SD,1862000.0,1735800.0,False,0.0,13:42:37
22900.0,3000,200.0,0.0,SD,1862000.0,1733800.0,False,-50.0,13:42:21
22950.0,1000,250.0,0.0,BU,1862000.0,1730800.0,False,0.0,13:42:04
22950.0,200,250.0,0.0,BU,1861000.0,1730800.0,False,0.0,13:42:04
22950.0,200,250.0,0.0,BU,1860800.0,1730800.0,False,0.0,13:42:04
22950.0,900,250.0,0.0,BU,1860600.0,1730800.0,False,50.0,13:41:45
22900.0,8000,200.0,0.0,SD,1859700.0,1730800.0,False,0.0,13:41:29
22900.0,1000,200.0,0.0,SD,1859700.0,1722800.0,False,0.0,13:40:15
22900.0,500,200.0,0.0,BU,1859700.0,1721800.0,False,0.0,13:40:08
22900.0,100,200.0,0.0,BU,1859200.0,1721800.0,False,0.0,13:40:07
22900.0,1000,200.0,0.0,BU,1859100.0,1721800.0,False,0.0,13:40:00
22900.0,800,200.0,0.0,BU,1858100.0,1721800.0,False,0.0,13:39:58
22900.0,1100,200.0,0.0,BU,1857300.0,1721800.0,False,0.0,13:39:49
22900.0,1300,200.0,0.0,BU,1856200.0,1721800.0,False,0.0,13:39:49
22900.0,200,200.0,0.0,SD,1854900.0,1721800.0,False,0.0,13:39:49
22900.0,500,200.0,0.0,SD,1854900.0,1721600.0,False,0.0,13:39:49
22900.0,1000,200.0,0.0,SD,1854900.0,1721100.0,False,0.0,13:39:49
22900.0,1100,200.0,0.0,SD,1854900.0,1720100.0,False,0.0,13:39:49
22900.0,1000,200.0,0.0,SD,1854900.0,1719000.0,False,0.0,13:39:49
22900.0,100,200.0,0.0,SD,1854900.0,1718000.0,False,0.0,13:39:49
22900.0,700,200.0,0.0,SD,1854900.0,1717900.0,False,0.0,13:39:49
22900.0,100,200.0,0.0,SD,1854900.0,1717200.0,False,0.0,13:39:49
22900.0,500,200.0,0.0,SD,1854900.0,1717100.0,False,0.0,13:39:49
22900.0,1000,200.0,0.0,SD,1854900.0,1716600.0,False,0.0,13:39:49
22900.0,3300,200.0,0.0,SD,1854900.0,1715600.0,False,-50.0,13:39:49
22950.0,600,250.0,0.0,BU,1854900.0,1712300.0,False,0.0,13:39:02
22950.0,200,250.0,0.0,BU,1854300.0,1712300.0,False,0.0,13:38:30
22950.0,400,250.0,0.0,BU,1854100.0,1712300.0,False,0.0,13:38:30
22950.0,100,250.0,0.0,BU,1853700.0,1712300.0,False,0.0,13:38:27
22950.0,200,250.0,0.0,BU,1853600.0,1712300.0,False,0.0,13:38:27
22950.0,100,250.0,0.0,BU,1853400.0,1712300.0,False,0.0,13:38:27
22950.0,100,250.0,0.0,BU,1853300.0,1712300.0,False,0.0,13:38:27
22950.0,600,250.0,0.0,BU,1853200.0,1712300.0,False,50.0,13:37:40
22900.0,200,200.0,0.0,SD,1852600.0,1712300.0,False,0.0,13:37:36
22900.0,100,200.0,0.0,SD,1852600.0,1712100.0,False,0.0,13:37:19
22900.0,200,200.0,0.0,SD,1852600.0,1712000.0,False,0.0,13:37:19
22900.0,1000,200.0,0.0,SD,1852600.0,1711800.0,False,0.0,13:37:19
22900.0,700,200.0,0.0,SD,1852600.0,1710800.0,False,0.0,13:37:19
22900.0,100,200.0,0.0,SD,1852600.0,1710100.0,False,0.0,13:36:55
22900.0,300,200.0,0.0,SD,1852600.0,1710000.0,False,0.0,13:36:55
22900.0,300,200.0,0.0,SD,1852600.0,1709700.0,False,-50.0,13:36:54
22950.0,1500,250.0,0.0,BU,1852600.0,1709400.0,False,0.0,13:36:54
22950.0,900,250.0,0.0,BU,1851100.0,1709400.0,False,0.0,13:36:54
22950.0,400,250.0,0.0,BU,1850200.0,1709400.0,False,0.0,13:36:54
22950.0,100,250.0,0.0,BU,1849800.0,1709400.0,False,0.0,13:36:54
22950.0,2000,250.0,0.0,BU,1849700.0,1709400.0,False,0.0,13:36:54
22950.0,2000,250.0,0.0,BU,1847700.0,1709400.0,False,0.0,13:36:54
22950.0,500,250.0,0.0,BU,1845700.0,1709400.0,False,0.0,13:36:54
22950.0,500,250.0,0.0,BU,1845200.0,1709400.0,False,0.0,13:36:54
22950.0,500,250.0,0.0,BU,1844700.0,1709400.0,False,0.0,13:36:54
22950.0,1600,250.0,0.0,BU,1844200.0,1709400.0,False,0.0,13:36:54
22950.0,300,250.0,0.0,BU,1842600.0,1709400.0,False,0.0,13:36:36
22950.0,600,250.0,0.0,BU,1842300.0,1709400.0,False,0.0,13:36:34
22950.0,300,250.0,0.0,BU,1841700.0,1709400.0,False,50.0,13:36:27
22900.0,700,200.0,0.0,SD,1841400.0,1709400.0,False,0.0,13:36:13
22900.0,500,200.0,0.0,SD,1841400.0,1708700.0,False,0.0,13:36:13
22900.0,500,200.0,0.0,SD,1841400.0,1708200.0,False,0.0,13:35:59
22900.0,100,200.0,0.0,SD,1841400.0,1707700.0,False,0.0,13:35:59
22900.0,500,200.0,0.0,SD,1841400.0,1707600.0,False,0.0,13:35:59
22900.0,500,200.0,0.0,SD,1841400.0,1707100.0,False,0.0,13:35:59
22900.0,400,200.0,0.0,SD,1841400.0,1706600.0,False,-50.0,13:35:59
22950.0,300,250.0,0.0,BU,1841400.0,1706200.0,False,0.0,13:35:31
22950.0,400,250.0,0.0,BU,1841100.0,1706200.0,False,0.0,13:35:28
22950.0,100,250.0,0.0,BU,1840700.0,1706200.0,False,0.0,13:35:28
22950.0,100,250.0,0.0,BU,1840600.0,1706200.0,False,0.0,13:35:17
22950.0,6900,250.0,0.0,BU,1840500.0,1706200.0,False,50.0,13:35:17
22900.0,100,200.0,0.0,SD,1833600.0,1706200.0,False,0.0,13:34:46
22900.0,100,200.0,0.0,SD,1833600.0,1706100.0,False,0.0,13:34:46
22900.0,800,200.0,0.0,SD,1833600.0,1706000.0,False,0.0,13:34:46
22900.0,800,200.0,0.0,SD,1833600.0,1705200.0,False,0.0,13:34:17
22900.0,500,200.0,0.0,SD,1833600.0,1704400.0,False,0.0,13:34:14
22900.0,1900,200.0,0.0,SD,1833600.0,1703900.0,False,0.0,13:33:52
22900.0,300,200.0,0.0,SD,1833600.0,1702000.0,False,0.0,13:33:52
22900.0,2000,200.0,0.0,SD,1833600.0,1701700.0,False,0.0,13:33:52
22900.0,500,200.0,0.0,SD,1833600.0,1699700.0,False,0.0,13:33:52
22900.0,1000,200.0,0.0,SD,1833600.0,1699200.0,False,0.0,13:33:52
22900.0,800,200.0,0.0,SD,1833600.0,1698200.0,False,0.0,13:33:52
22900.0,5000,200.0,0.0,SD,1833600.0,1697400.0,False,0.0,13:33:52
22900.0,100,200.0,0.0,SD,1833600.0,1692400.0,False,0.0,13:33:52
22900.0,1000,200.0,0.0,SD,1833600.0,1692300.0,False,0.0,13:33:52
22900.0,1000,200.0,0.0,SD,1833600.0,1691300.0,False,0.0,13:33:52
22900.0,1000,200.0,0.0,SD,1833600.0,1690300.0,False,0.0,13:33:52
22900.0,1000,200.0,0.0,SD,1833600.0,1689300.0,False,0.0,13:33:52
22900.0,100,200.0,0.0,SD,1833600.0,1688300.0,False,0.0,13:33:52
22900.0,1000,200.0,0.0,SD,1833600.0,1688200.0,False,0.0,13:33:52
22900.0,500,200.0,0.0,SD,1833600.0,1687200.0,False,0.0,13:33:52
22900.0,100,200.0,0.0,SD,1833600.0,1686700.0,False,0.0,13:33:52
22900.0,4000,200.0,0.0,SD,1833600.0,1686600.0,False,0.0,13:33:52
22900.0,3000,200.0,0.0,SD,1833600.0,1682600.0,False,0.0,13:33:52
22900.0,400,200.0,0.0,SD,1833600.0,1679600.0,False,0.0,13:33:52
22900.0,300,200.0,0.0,SD,1833600.0,1679200.0,False,0.0,13:33:52
22900.0,600,200.0,0.0,SD,1833600.0,1678900.0,False,0.0,13:33:52
22900.0,500,200.0,0.0,SD,1833600.0,1678300.0,False,0.0,13:33:52
22900.0,100,200.0,0.0,SD,1833600.0,1677800.0,False,0.0,13:33:52
22900.0,3300,200.0,0.0,SD,1833600.0,1677700.0,False,0.0,13:33:52
22900.0,1100,200.0,0.0,SD,1833600.0,1674400.0,False,0.0,13:33:36
22900.0,100,200.0,0.0,SD,1833600.0,1673300.0,False,0.0,13:33:02
22900.0,500,200.0,0.0,SD,1833600.0,1673200.0,False,0.0,13:32:50
22900.0,300,200.0,0.0,SD,1833600.0,1672700.0,False,0.0,13:32:50
22900.0,100,200.0,0.0,SD,1833600.0,1672400.0,False,0.0,13:32:50
22900.0,100,200.0,0.0,SD,1833600.0,1672300.0,False,-50.0,13:32:50
22950.0,3100,250.0,0.0,BU,1833600.0,1672200.0,False,0.0,13:32:47
22950.0,1500,250.0,0.0,BU,1830500.0,1672200.0,False,0.0,13:32:47
22950.0,1000,250.0,0.0,BU,1829000.0,1672200.0,False,0.0,13:32:47
22950.0,100,250.0,0.0,BU,1828000.0,1672200.0,False,0.0,13:32:47
22950.0,100,250.0,0.0,BU,1827900.0,1672200.0,False,0.0,13:32:47
22950.0,100,250.0,0.0,BU,1827800.0,1672200.0,False,0.0,13:32:47
22950.0,100,250.0,0.0,BU,1827700.0,1672200.0,False,0.0,13:32:47
22950.0,1000,250.0,0.0,BU,1827600.0,1672200.0,False,50.0,13:32:47
22900.0,400,200.0,0.0,SD,1826600.0,1672200.0,False,0.0,13:32:36
22900.0,4600,200.0,0.0,SD,1826600.0,1671800.0,False,0.0,13:32:09
22900.0,400,200.0,0.0,SD,1826600.0,1667200.0,False,-50.0,13:32:09
22950.0,100,250.0,0.0,BU,1826600.0,1666800.0,False,0.0,13:32:04
22950.0,900,250.0,0.0,BU,1826500.0,1666800.0,False,0.0,13:32:01
22950.0,1100,250.0,0.0,BU,1825600.0,1666800.0,False,0.0,13:32:01
22950.0,1000,250.0,0.0,BU,1824500.0,1666800.0,False,0.0,13:31:46
22950.0,200,250.0,0.0,BU,1823500.0,1666800.0,False,0.0,13:31:08
22950.0,1000,250.0,0.0,BU,1823300.0,1666800.0,False,0.0,13:31:06
22950.0,1000,250.0,0.0,BU,1822300.0,1666800.0,False,0.0,13:30:58
22950.0,4000,250.0,0.0,BU,1821300.0,1666800.0,False,0.0,13:30:34
22950.0,100,250.0,0.0,BU,1817300.0,1666800.0,False,0.0,13:29:50
22950.0,500,250.0,0.0,BU,1817200.0,1666800.0,False,0.0,13:29:36
22950.0,10000,250.0,0.0,BU,1816700.0,1666800.0,True,50.0,13:28:57
22900.0,200,200.0,0.0,SD,1806700.0,1666800.0,False,0.0,13:28:56
22900.0,500,200.0,0.0,SD,1806700.0,1666600.0,False,0.0,13:28:26
22900.0,100,200.0,0.0,SD,1806700.0,1666100.0,False,-50.0,13:27:32
22950.0,1100,250.0,0.0,BU,1806700.0,1666000.0,False,0.0,13:27:27
22950.0,100,250.0,0.0,BU,1805600.0,1666000.0,False,0.0,13:27:27
22950.0,3800,250.0,0.0,BU,1805500.0,1666000.0,False,50.0,13:27:27
22900.0,500,200.0,0.0,SD,1801700.0,1666000.0,False,0.0,13:27:18
22900.0,100,200.0,0.0,SD,1801700.0,1665500.0,False,0.0,13:27:13
22900.0,200,200.0,0.0,SD,1801700.0,1665400.0,False,0.0,13:27:12
22900.0,1000,200.0,0.0,BU,1801700.0,1665200.0,False,0.0,13:27:12
22900.0,100,200.0,0.0,BU,1800700.0,1665200.0,False,0.0,13:27:12
22900.0,900,200.0,0.0,BU,1800600.0,1665200.0,False,0.0,13:27:12
22900.0,1500,200.0,0.0,BU,1799700.0,1665200.0,False,0.0,13:27:12
22900.0,200,200.0,0.0,BU,1798200.0,1665200.0,False,0.0,13:27:12
22900.0,800,200.0,0.0,BU,1798000.0,1665200.0,False,0.0,13:27:12
22900.0,500,200.0,0.0,BU,1797200.0,1665200.0,False,0.0,13:27:12
22900.0,4800,200.0,0.0,BU,1796700.0,1665200.0,False,0.0,13:27:11
22900.0,100,200.0,0.0,BU,1791900.0,1665200.0,False,0.0,13:27:11
22900.0,100,200.0,0.0,BU,1791800.0,1665200.0,False,0.0,13:27:11
22900.0,900,200.0,0.0,BU,1791700.0,1665200.0,False,0.0,13:27:05
22900.0,100,200.0,0.0,BU,1790800.0,1665200.0,False,0.0,13:27:05
22900.0,1000,200.0,0.0,BU,1790700.0,1665200.0,False,0.0,13:27:05
22900.0,300,200.0,0.0,BU,1789700.0,1665200.0,False,0.0,13:27:05
22900.0,5000,200.0,0.0,BU,1789400.0,1665200.0,False,0.0,13:27:04
22900.0,100,200.0,0.0,BU,1784400.0,1665200.0,False,0.0,13:27:04
22900.0,500,200.0,0.0,BU,1784300.0,1665200.0,False,0.0,13:27:04
22900.0,200,200.0,0.0,BU,1783800.0,1665200.0,False,0.0,13:27:04
22900.0,1900,200.0,0.0,BU,1783600.0,1665200.0,False,0.0,13:27:04
22900.0,1000,200.0,0.0,BU,1781700.0,1665200.0,False,0.0,13:26:57
22900.0,400,200.0,0.0,BU,1780700.0,1665200.0,False,0.0,13:26:57
22900.0,3600,200.0,0.0,BU,1780300.0,1665200.0,False,0.0,13:26:57
22900.0,1000,200.0,0.0,BU,1776700.0,1665200.0,False,0.0,13:26:50
22900.0,400,200.0,0.0,BU,1775700.0,1665200.0,False,0.0,13:26:50
22900.0,100,200.0,0.0,BU,1775300.0,1665200.0,False,0.0,13:26:50
22900.0,500,200.0,0.0,BU,1775200.0,1665200.0,False,0.0,13:26:50
22900.0,600,200.0,0.0,BU,1774700.0,1665200.0,False,0.0,13:26:50
22900.0,600,200.0,0.0,BU,1774100.0,1665200.0,False,0.0,13:26:13
22900.0,500,200.0,0.0,BU,1773500.0,1665200.0,False,0.0,13:26:00
22900.0,300,200.0,0.0,BU,1773000.0,1665200.0,False,0.0,13:25:57
22900.0,200,200.0,0.0,BU,1772700.0,1665200.0,False,0.0,13:25:57
22900.0,100,200.0,0.0,BU,1772500.0,1665200.0,False,0.0,13:25:57
22900.0,300,200.0,0.0,BU,1772400.0,1665200.0,False,0.0,13:25:22
22900.0,300,200.0,0.0,BU,1772100.0,1665200.0,False,0.0,13:25:22
22900.0,300,200.0,0.0,BU,1771800.0,1665200.0,False,0.0,13:25:12
22900.0,200,200.0,0.0,BU,1771500.0,1665200.0,False,50.0,13:25:10
22850.0,100,150.0,0.0,SD,1771300.0,1665200.0,False,0.0,13:24:27
22850.0,100,150.0,0.0,SD,1771300.0,1665100.0,False,0.0,13:24:22
22850.0,3500,150.0,0.0,SD,1771300.0,1665000.0,False,0.0,13:24:13
22850.0,400,150.0,0.0,SD,1771300.0,1661500.0,False,-50.0,13:23:27
22900.0,1200,200.0,0.0,BU,1771300.0,1661100.0,False,0.0,13:23:10
22900.0,800,200.0,0.0,BU,1770100.0,1661100.0,False,0.0,13:22:50
22900.0,600,200.0,0.0,BU,1769300.0,1661100.0,False,0.0,13:22:44
22900.0,100,200.0,0.0,BU,1768700.0,1661100.0,False,0.0,13:22:36
22900.0,1100,200.0,0.0,BU,1768600.0,1661100.0,False,0.0,13:22:01
22900.0,900,200.0,0.0,BU,1767500.0,1661100.0,False,50.0,13:22:01
22850.0,100,150.0,0.0,SD,1766600.0,1661100.0,False,-50.0,13:21:49
22900.0,600,200.0,0.0,BU,1766600.0,1661000.0,False,0.0,13:21:48
22900.0,1000,200.0,0.0,BU,1766000.0,1661000.0,False,0.0,13:21:48
22900.0,3900,200.0,0.0,BU,1765000.0,1661000.0,False,50.0,13:21:38
22850.0,200,150.0,0.0,SD,1761100.0,1661000.0,False,-50.0,13:21:36
22900.0,100,200.0,0.0,BU,1761100.0,1660800.0,False,0.0,13:21:23
22900.0,1000,200.0,0.0,BU,1761000.0,1660800.0,False,0.0,13:21:23
22900.0,500,200.0,0.0,BU,1760000.0,1660800.0,False,0.0,13:21:23
22900.0,1000,200.0,0.0,BU,1759500.0,1660800.0,False,0.0,13:21:23
22900.0,1800,200.0,0.0,BU,1758500.0,1660800.0,False,0.0,13:21:23
22900.0,500,200.0,0.0,BU,1756700.0,1660800.0,False,0.0,13:21:23
22900.0,100,200.0,0.0,BU,1756200.0,1660800.0,False,0.0,13:20:59
22900.0,4400,200.0,0.0,BU,1756100.0,1660800.0,False,0.0,13:20:35
22900.0,500,200.0,0.0,BU,1751700.0,1660800.0,False,0.0,13:20:35
22900.0,5000,200.0,0.0,BU,1751200.0,1660800.0,False,0.0,13:20:35
22900.0,500,200.0,0.0,BU,1746200.0,1660800.0,False,0.0,13:20:35
22900.0,100,200.0,0.0,BU,1745700.0,1660800.0,False,0.0,13:20:35
22900.0,10200,200.0,0.0,BU,1745600.0,1660800.0,True,0.0,13:20:35
22900.0,500,200.0,0.0,BU,1735400.0,1660800.0,False,0.0,13:20:35
22900.0,3900,200.0,0.0,BU,1734900.0,1660800.0,False,0.0,13:20:35
22900.0,100,200.0,0.0,BU,1731000.0,1660800.0,False,0.0,13:20:35
22900.0,900,200.0,0.0,BU,1730900.0,1660800.0,False,0.0,13:20:35
22900.0,1000,200.0,0.0,BU,1730000.0,1660800.0,False,0.0,13:20:35
22900.0,1400,200.0,0.0,BU,1729000.0,1660800.0,False,0.0,13:20:35
22900.0,600,200.0,0.0,BU,1727600.0,1660800.0,False,0.0,13:20:35
22900.0,600,200.0,0.0,BU,1727000.0,1660800.0,False,0.0,13:20:35
22900.0,600,200.0,0.0,BU,1726400.0,1660800.0,False,0.0,13:20:35
22900.0,600,200.0,0.0,BU,1725800.0,1660800.0,False,0.0,13:20:35
22900.0,600,200.0,0.0,BU,1725200.0,1660800.0,False,0.0,13:20:35
22900.0,600,200.0,0.0,BU,1724600.0,1660800.0,False,0.0,13:20:35
22900.0,700,200.0,0.0,BU,1724000.0,1660800.0,False,50.0,13:20:35
22850.0,500,150.0,0.0,SD,1723300.0,1660800.0,False,-50.0,13:20:35
22900.0,200,200.0,0.0,BU,1723300.0,1660300.0,False,0.0,13:20:31
22900.0,100,200.0,0.0,BU,1723100.0,1660300.0,False,50.0,13:20:22
22850.0,1000,150.0,0.0,SD,1723000.0,1660300.0,False,0.0,13:20:19
22850.0,100,150.0,0.0,SD,1723000.0,1659300.0,False,0.0,13:20:17
22850.0,100,150.0,0.0,SD,1723000.0,1659200.0,False,0.0,13:20:17
22850.0,100,150.0,0.0,SD,1723000.0,1659100.0,False,0.0,13:20:13
22850.0,3300,150.0,0.0,SD,1723000.0,1659000.0,False,0.0,13:20:13
22850.0,100,150.0,0.0,SD,1723000.0,1655700.0,False,0.0,13:20:13
22850.0,100,150.0,0.0,SD,1723000.0,1655600.0,False,0.0,13:20:01
22850.0,6500,150.0,0.0,SD,1723000.0,1655500.0,False,0.0,13:19:39
22850.0,500,150.0,0.0,SD,1723000.0,1649000.0,False,0.0,13:19:39
22850.0,1200,150.0,0.0,SD,1723000.0,1648500.0,False,0.0,13:19:39
22850.0,900,150.0,0.0,SD,1723000.0,1647300.0,False,0.0,13:19:39
22850.0,2100,150.0,0.0,SD,1723000.0,1646400.0,False,0.0,13:19:39
22850.0,500,150.0,0.0,SD,1723000.0,1644300.0,False,0.0,13:19:30
22850.0,1000,150.0,0.0,SD,1723000.0,1643800.0,False,0.0,13:19:22
22850.0,100,150.0,0.0,SD,1723000.0,1642800.0,False,0.0,13:19:10
22850.0,200,150.0,0.0,SD,1723000.0,1642700.0,False,0.0,13:19:08
22850.0,1000,150.0,0.0,SD,1723000.0,1642500.0,False,-50.0,13:18:49
22900.0,1400,200.0,0.0,BU,1723000.0,1641500.0,False,0.0,13:18:28
22900.0,400,200.0,0.0,BU,1721600.0,1641500.0,False,0.0,13:18:22
22900.0,2200,200.0,0.0,BU,1721200.0,1641500.0,False,0.0,13:18:16
22900.0,2300,200.0,0.0,BU,1719000.0,1641500.0,False,0.0,13:18:16
22900.0,1000,200.0,0.0,BU,1716700.0,1641500.0,False,0.0,13:18:16
22900.0,4500,200.0,0.0,BU,1715700.0,1641500.0,False,0.0,13:18:16
22900.0,100,200.0,0.0,BU,1711200.0,1641500.0,False,50.0,13:17:59
22850.0,500,150.0,0.0,SD,1711100.0,1641500.0,False,-50.0,13:17:55
22900.0,200,200.0,0.0,BU,1711100.0,1641000.0,False,0.0,13:17:34
22900.0,4400,200.0,0.0,SD,1710900.0,1641000.0,False,0.0,13:17:32
22900.0,1600,200.0,0.0,SD,1710900.0,1636600.0,False,0.0,13:17:27
22900.0,800,200.0,0.0,SD,1710900.0,1635000.0,False,0.0,13:17:27
22900.0,200,200.0,0.0,SD,1710900.0,1634200.0,False,0.0,13:17:27
22900.0,400,200.0,0.0,SD,1710900.0,1634000.0,False,0.0,13:17:27
22900.0,200,200.0,0.0,SD,1710900.0,1633600.0,False,0.0,13:17:27
22900.0,800,200.0,0.0,SD,1710900.0,1633400.0,False,0.0,13:17:27
22900.0,200,200.0,0.0,SD,1710900.0,1632600.0,False,0.0,13:17:27
22900.0,200,200.0,0.0,SD,1710900.0,1632400.0,False,0.0,13:17:23
22900.0,4000,200.0,0.0,SD,1710900.0,1632200.0,False,0.0,13:17:23
22900.0,800,200.0,0.0,SD,1710900.0,1628200.0,False,0.0,13:17:23
22900.0,100,200.0,0.0,SD,1710900.0,1627400.0,False,0.0,13:17:08
22900.0,100,200.0,0.0,SD,1710900.0,1627300.0,False,0.0,13:17:06
22900.0,1000,200.0,0.0,SD,1710900.0,1627200.0,False,0.0,13:17:01
22900.0,200,200.0,0.0,SD,1710900.0,1626200.0,False,0.0,13:17:01
22900.0,200,200.0,0.0,SD,1710900.0,1626000.0,False,0.0,13:17:01
22900.0,100,200.0,0.0,SD,1710900.0,1625800.0,False,-50.0,13:17:01
22950.0,100,250.0,0.0,BU,1710900.0,1625700.0,False,0.0,13:16:50
22950.0,600,250.0,0.0,BU,1710800.0,1625700.0,False,0.0,13:16:30
22950.0,300,250.0,0.0,BU,1710200.0,1625700.0,False,50.0,13:16:28
22900.0,100,200.0,0.0,SD,1709900.0,1625700.0,False,0.0,13:16:27
22900.0,100,200.0,0.0,SD,1709900.0,1625600.0,False,-50.0,13:16:27
22950.0,100,250.0,0.0,BU,1709900.0,1625500.0,False,0.0,13:16:23
22950.0,100,250.0,0.0,BU,1709800.0,1625500.0,False,-50.0,13:16:16
23000.0,600,300.0,0.0,BU,1709700.0,1625500.0,False,50.0,13:15:54
22950.0,500,250.0,0.0,BU,1709100.0,1625500.0,False,0.0,13:15:54
22950.0,500,250.0,0.0,BU,1708600.0,1625500.0,False,0.0,13:15:54
22950.0,900,250.0,0.0,BU,1708100.0,1625500.0,False,0.0,13:15:54
22950.0,5000,250.0,0.0,BU,1707200.0,1625500.0,False,0.0,13:15:54
22950.0,2500,250.0,0.0,BU,1702200.0,1625500.0,False,50.0,13:15:54
22900.0,300,200.0,0.0,SD,1699700.0,1625500.0,False,0.0,13:15:30
22900.0,1000,200.0,0.0,SD,1699700.0,1625200.0,False,-50.0,13:15:13
22950.0,500,250.0,0.0,SD,1699700.0,1624200.0,False,0.0,13:15:07
22950.0,1000,250.0,0.0,SD,1699700.0,1623700.0,False,-50.0,13:14:38
23000.0,300,300.0,0.0,BU,1699700.0,1622700.0,False,0.0,13:14:30
23000.0,100,300.0,0.0,BU,1699400.0,1622700.0,False,50.0,13:14:30
22950.0,600,250.0,0.0,BU,1699300.0,1622700.0,False,0.0,13:14:30
22950.0,1000,250.0,0.0,BU,1698700.0,1622700.0,False,0.0,13:14:30
22950.0,500,250.0,0.0,BU,1697700.0,1622700.0,False,0.0,13:14:30
22950.0,200,250.0,0.0,BU,1697200.0,1622700.0,False,0.0,13:14:30
22950.0,900,250.0,0.0,BU,1697000.0,1622700.0,False,0.0,13:14:30
22950.0,1000,250.0,0.0,BU,1696100.0,1622700.0,False,50.0,13:14:28
23050.0,600,350.0,0.0,SD,1533100.0,1384400.0,False,-50.0,11:22:09
23100.0,3000,400.0,0.0,BU,1533100.0,1383800.0,False,50.0,11:22:06
23050.0,300,350.0,0.0,SD,1530100.0,1383800.0,False,0.0,11:22:06
23050.0,2000,350.0,0.0,SD,1530100.0,1383500.0,False,0.0,11:22:00
23050.0,1200,350.0,0.0,SD,1530100.0,1381500.0,False,0.0,11:21:37
23050.0,1500,350.0,0.0,SD,1530100.0,1380300.0,False,0.0,11:21:32
23050.0,2900,350.0,0.0,BU,1530100.0,1378800.0,False,0.0,11:21:31
23050.0,100,350.0,0.0,BU,1527200.0,1378800.0,False,0.0,11:21:31
23050.0,400,350.0,0.0,BU,1527100.0,1378800.0,False,0.0,11:21:31
23050.0,100,350.0,0.0,BU,1526700.0,1378800.0,False,0.0,11:21:08
23050.0,2000,350.0,0.0,SD,1526600.0,1378800.0,False,0.0,11:20:50
23050.0,100,350.0,0.0,SD,1526600.0,1376800.0,False,0.0,11:20:44
23050.0,500,350.0,0.0,SD,1526600.0,1376700.0,False,-50.0,11:20:24
23100.0,100,400.0,0.0,BU,1526600.0,1376200.0,False,50.0,11:20:05
23050.0,1400,350.0,0.0,SD,1526500.0,1376200.0,False,0.0,11:20:01
23050.0,3000,350.0,0.0,SD,1526500.0,1374800.0,False,0.0,11:20:01
23050.0,600,350.0,0.0,SD,1526500.0,1371800.0,False,-50.0,11:20:00
23100.0,1000,400.0,0.0,BU,1526500.0,1371200.0,False,50.0,11:19:51
23050.0,200,350.0,0.0,SD,1525500.0,1371200.0,False,-50.0,11:19:49
23100.0,100,400.0,0.0,BU,1525500.0,1371000.0,False,0.0,11:19:28
23100.0,500,400.0,0.0,BU,1525400.0,1371000.0,False,0.0,11:19:13
23100.0,100,400.0,0.0,BU,1524900.0,1371000.0,False,0.0,11:18:48
23100.0,200,400.0,0.0,BU,1524800.0,1371000.0,False,0.0,11:18:32
23100.0,200,400.0,0.0,BU,1524600.0,1371000.0,False,50.0,11:18:32
23050.0,100,350.0,0.0,SD,1524400.0,1371000.0,False,0.0,11:18:31
23050.0,200,350.0,0.0,SD,1524400.0,1370900.0,False,0.0,11:18:24
23050.0,300,350.0,0.0,SD,1524400.0,1370700.0,False,0.0,11:18:15
23050.0,200,350.0,0.0,SD,1524400.0,1370400.0,False,0.0,11:18:15
23050.0,100,350.0,0.0,SD,1524400.0,1370200.0,False,-50.0,11:18:15
23100.0,800,400.0,0.0,BU,1524400.0,1370100.0,False,0.0,11:18:05
23100.0,200,400.0,0.0,BU,1523600.0,1370100.0,False,0.0,11:18:05
23100.0,5000,400.0,0.0,BU,1523400.0,1370100.0,False,0.0,11:18:05
23100.0,1000,400.0,0.0,BU,1518400.0,1370100.0,False,50.0,11:18:00
23050.0,300,350.0,0.0,SD,1517400.0,1370100.0,False,0.0,11:17:39
23050.0,200,350.0,0.0,SD,1517400.0,1369800.0,False,0.0,11:17:37
23050.0,100,350.0,0.0,SD,1517400.0,1369600.0,False,0.0,11:17:18
23050.0,800,350.0,0.0,SD,1517400.0,1369500.0,False,0.0,11:17:10
23050.0,2100,350.0,0.0,BU,1517400.0,1368700.0,False,0.0,11:17:04
23050.0,100,350.0,0.0,BU,1515300.0,1368700.0,False,0.0,11:17:04
23050.0,300,350.0,0.0,BU,1515200.0,1368700.0,False,0.0,11:17:04
23050.0,400,350.0,0.0,BU,1514900.0,1368700.0,False,0.0,11:17:04
23050.0,600,350.0,0.0,BU,1514500.0,1368700.0,False,0.0,11:17:04
23050.0,400,350.0,0.0,BU,1513900.0,1368700.0,False,0.0,11:16:41
23050.0,600,350.0,0.0,BU,1513500.0,1368700.0,False,0.0,11:16:41
23050.0,500,350.0,0.0,BU,1512900.0,1368700.0,False,50.0,11:16:34
23000.0,100,300.0,0.0,SD,1512400.0,1368700.0,False,0.0,11:16:31
23000.0,400,300.0,0.0,SD,1512400.0,1368600.0,False,-50.0,11:16:29
23050.0,4900,350.0,0.0,BU,1512400.0,1368200.0,False,0.0,11:16:18
23050.0,400,350.0,0.0,BU,1507500.0,1368200.0,False,0.0,11:16:18
23050.0,500,350.0,0.0,BU,1507100.0,1368200.0,False,0.0,11:16:18
23050.0,500,350.0,0.0,BU,1506600.0,1368200.0,False,0.0,11:16:18
23050.0,100,350.0,0.0,BU,1506100.0,1368200.0,False,0.0,11:16:18
23050.0,100,350.0,0.0,BU,1506000.0,1368200.0,False,0.0,11:16:18
23050.0,200,350.0,0.0,BU,1505900.0,1368200.0,False,0.0,11:16:18
23050.0,100,350.0,0.0,BU,1505700.0,1368200.0,False,0.0,11:16:18
23050.0,100,350.0,0.0,BU,1505600.0,1368200.0,False,0.0,11:16:18
23050.0,100,350.0,0.0,BU,1505500.0,1368200.0,False,0.0,11:16:18
23050.0,1000,350.0,0.0,BU,1505400.0,1368200.0,False,0.0,11:16:18
23050.0,1000,350.0,0.0,BU,1504400.0,1368200.0,False,0.0,11:16:18
23050.0,400,350.0,0.0,BU,1503400.0,1368200.0,False,0.0,11:16:18
23050.0,500,350.0,0.0,BU,1503000.0,1368200.0,False,0.0,11:16:18
23050.0,300,350.0,0.0,BU,1502500.0,1368200.0,False,0.0,11:16:18
23050.0,300,350.0,0.0,BU,1502200.0,1368200.0,False,0.0,11:16:18
23050.0,500,350.0,0.0,BU,1501900.0,1368200.0,False,50.0,11:16:18
23000.0,100,300.0,0.0,SD,1501400.0,1368200.0,False,0.0,11:16:16
23000.0,100,300.0,0.0,SD,1501400.0,1368100.0,False,0.0,11:16:13
23000.0,100,300.0,0.0,BU,1501400.0,1368000.0,False,0.0,11:16:10
23000.0,400,300.0,0.0,BU,1501300.0,1368000.0,False,0.0,11:16:10
23000.0,100,300.0,0.0,BU,1500900.0,1368000.0,False,0.0,11:16:10
23000.0,100,300.0,0.0,BU,1500800.0,1368000.0,False,0.0,11:16:10
23000.0,200,300.0,0.0,BU,1500700.0,1368000.0,False,0.0,11:16:10
23000.0,1800,300.0,0.0,BU,1500500.0,1368000.0,False,0.0,11:16:10
23000.0,1200,300.0,0.0,BU,1498700.0,1368000.0,False,0.0,11:16:10
23000.0,1000,300.0,0.0,BU,1497500.0,1368000.0,False,0.0,11:16:06
23000.0,800,300.0,0.0,BU,1496500.0,1368000.0,False,0.0,11:16:04
23000.0,200,300.0,0.0,BU,1495700.0,1368000.0,False,0.0,11:16:04
23000.0,1400,300.0,0.0,BU,1495500.0,1368000.0,False,0.0,11:16:04
23000.0,4300,300.0,0.0,BU,1494100.0,1368000.0,False,0.0,11:15:57
23000.0,200,300.0,0.0,BU,1489800.0,1368000.0,False,0.0,11:15:57
23000.0,500,300.0,0.0,BU,1489600.0,1368000.0,False,0.0,11:15:57
23000.0,500,300.0,0.0,BU,1489100.0,1368000.0,False,0.0,11:15:28
23000.0,600,300.0,0.0,BU,1488600.0,1368000.0,False,0.0,11:15:28
23000.0,200,300.0,0.0,BU,1488000.0,1368000.0,False,0.0,11:15:28
23000.0,1000,300.0,0.0,BU,1487800.0,1368000.0,False,0.0,11:15:28
23000.0,2000,300.0,0.0,BU,1486800.0,1368000.0,False,0.0,11:15:28
23000.0,500,300.0,0.0,BU,1484800.0,1368000.0,False,0.0,11:15:28
23000.0,300,300.0,0.0,BU,1484300.0,1368000.0,False,0.0,11:15:28
23000.0,500,300.0,0.0,BU,1484000.0,1368000.0,False,0.0,11:15:28
23000.0,100,300.0,0.0,BU,1483500.0,1368000.0,False,0.0,11:15:28
23000.0,100,300.0,0.0,BU,1483400.0,1368000.0,False,0.0,11:15:28
23000.0,500,300.0,0.0,BU,1483300.0,1368000.0,False,0.0,11:15:28
23000.0,300,300.0,0.0,BU,1482800.0,1368000.0,False,0.0,11:15:28
23000.0,1000,300.0,0.0,BU,1482500.0,1368000.0,False,0.0,11:15:28
23000.0,100,300.0,0.0,BU,1481500.0,1368000.0,False,0.0,11:15:28
23000.0,700,300.0,0.0,BU,1481400.0,1368000.0,False,0.0,11:15:28
23000.0,3000,300.0,0.0,BU,1480700.0,1368000.0,False,0.0,11:15:28
23000.0,100,300.0,0.0,BU,1477700.0,1368000.0,False,0.0,11:15:28
23000.0,100,300.0,0.0,BU,1477600.0,1368000.0,False,0.0,11:15:28
23000.0,300,300.0,0.0,BU,1477500.0,1368000.0,False,0.0,11:15:28
23000.0,200,300.0,0.0,BU,1477200.0,1368000.0,False,0.0,11:15:28
22850.0,2700,150.0,0.0,SD,1598800.0,1589700.0,False,0.0,13:05:34
22850.0,3400,150.0,0.0,SD,1598800.0,1587000.0,False,0.0,13:05:28
22850.0,1000,150.0,0.0,SD,1598800.0,1583600.0,False,0.0,13:05:28
22850.0,400,150.0,0.0,SD,1598800.0,1582600.0,False,0.0,13:05:28
22850.0,9000,150.0,0.0,BU,1598800.0,1582200.0,True,0.0,13:05:27
22850.0,100,150.0,0.0,BU,1589800.0,1582200.0,False,0.0,13:05:06
22850.0,100,150.0,0.0,BU,1589700.0,1582200.0,False,0.0,13:05:06
22850.0,100,150.0,0.0,SD,1589600.0,1582200.0,False,0.0,13:04:56
22850.0,500,150.0,0.0,SD,1589600.0,1582100.0,False,0.0,13:04:56
22850.0,1800,150.0,0.0,SD,1589600.0,1581600.0,False,0.0,13:04:56
22850.0,900,150.0,0.0,SD,1589600.0,1579800.0,False,0.0,13:04:55
22850.0,100,150.0,0.0,SD,1589600.0,1578900.0,False,0.0,13:04:55
22850.0,900,150.0,0.0,SD,1589600.0,1578800.0,False,0.0,13:04:49
22850.0,500,150.0,0.0,SD,1589600.0,1577900.0,False,0.0,13:04:49
22850.0,600,150.0,0.0,SD,1589600.0,1577400.0,False,0.0,13:04:49
22850.0,2000,150.0,0.0,SD,1589600.0,1576800.0,False,0.0,13:04:46
22850.0,2000,150.0,0.0,SD,1589600.0,1574800.0,False,0.0,13:04:37
22850.0,300,150.0,0.0,SD,1589600.0,1572800.0,False,0.0,13:04:34
22850.0,100,150.0,0.0,SD,1589600.0,1572500.0,False,0.0,13:04:27
22850.0,100,150.0,0.0,SD,1589600.0,1572400.0,False,0.0,13:04:25
22850.0,200,150.0,0.0,SD,1589600.0,1572300.0,False,0.0,13:04:25
22850.0,200,150.0,0.0,SD,1589600.0,1572100.0,False,0.0,13:04:24
22850.0,100,150.0,0.0,SD,1589600.0,1571900.0,False,0.0,13:04:22
22850.0,100,150.0,0.0,SD,1589600.0,1571800.0,False,0.0,13:04:22
22850.0,200,150.0,0.0,SD,1589600.0,1571700.0,False,0.0,13:04:22
22850.0,2000,150.0,0.0,SD,1589600.0,1571500.0,False,0.0,13:04:22
22850.0,300,150.0,0.0,SD,1589600.0,1569500.0,False,0.0,13:04:20
22850.0,100,150.0,0.0,SD,1589600.0,1569200.0,False,0.0,13:04:20
22850.0,100,150.0,0.0,SD,1589600.0,1569100.0,False,0.0,13:04:18
22850.0,1000,150.0,0.0,SD,1589600.0,1569000.0,False,0.0,13:04:18
22850.0,3000,150.0,0.0,SD,1589600.0,1568000.0,False,0.0,13:04:18
22850.0,1000,150.0,0.0,SD,1589600.0,1565000.0,False,0.0,13:04:18
22850.0,3000,150.0,0.0,SD,1589600.0,1564000.0,False,0.0,13:04:18
22850.0,5000,150.0,0.0,SD,1589600.0,1561000.0,False,0.0,13:04:18
22850.0,100,150.0,0.0,SD,1589600.0,1556000.0,False,0.0,13:04:00
22850.0,100,150.0,0.0,SD,1589600.0,1555900.0,False,0.0,13:03:51
22850.0,400,150.0,0.0,SD,1589600.0,1555800.0,False,0.0,13:03:51
22850.0,100,150.0,0.0,SD,1589600.0,1555400.0,False,0.0,13:03:48
22850.0,100,150.0,0.0,SD,1589600.0,1555300.0,False,0.0,13:03:48
22850.0,100,150.0,0.0,SD,1589600.0,1555200.0,False,0.0,13:03:41
22850.0,100,150.0,0.0,SD,1589600.0,1555100.0,False,0.0,13:03:39
22850.0,1000,150.0,0.0,SD,1589600.0,1555000.0,False,0.0,13:03:39
22850.0,600,150.0,0.0,SD,1589600.0,1554000.0,False,0.0,13:03:39
22850.0,100,150.0,0.0,SD,1589600.0,1553400.0,False,0.0,13:03:39
22850.0,3000,150.0,0.0,SD,1589600.0,1553300.0,False,0.0,13:03:39
22850.0,200,150.0,0.0,SD,1589600.0,1550300.0,False,0.0,13:03:39
22850.0,1800,150.0,0.0,SD,1589600.0,1550100.0,False,0.0,13:03:37
22850.0,100,150.0,0.0,SD,1589600.0,1548300.0,False,0.0,13:03:37
22850.0,100,150.0,0.0,SD,1589600.0,1548200.0,False,0.0,13:03:37
22850.0,1000,150.0,0.0,SD,1589600.0,1548100.0,False,0.0,13:03:37
22850.0,1200,150.0,0.0,SD,1589600.0,1547100.0,False,0.0,13:03:37
22850.0,100,150.0,0.0,SD,1589600.0,1545900.0,False,0.0,13:03:37
22850.0,1000,150.0,0.0,SD,1589600.0,1545800.0,False,0.0,13:03:37
22850.0,1000,150.0,0.0,SD,1589600.0,1544800.0,False,0.0,13:03:37
22850.0,3700,150.0,0.0,SD,1589600.0,1543800.0,False,0.0,13:03:37
22850.0,1100,150.0,0.0,SD,1589600.0,1540100.0,False,0.0,13:03:37
22850.0,500,150.0,0.0,SD,1589600.0,1539000.0,False,-50.0,13:03:29
22900.0,100,200.0,0.0,BU,1589600.0,1538500.0,False,50.0,13:03:29
22850.0,3000,150.0,0.0,SD,1589500.0,1538500.0,False,0.0,13:03:28
22850.0,500,150.0,0.0,SD,1589500.0,1535500.0,False,0.0,13:03:24
22850.0,1000,150.0,0.0,SD,1589500.0,1535000.0,False,0.0,13:03:23
22850.0,200,150.0,0.0,SD,1589500.0,1534000.0,False,0.0,13:03:12
22850.0,300,150.0,0.0,SD,1589500.0,1533800.0,False,-50.0,13:03:12
22900.0,100,200.0,0.0,BU,1589500.0,1533500.0,False,50.0,13:03:11
22850.0,2000,150.0,0.0,SD,1589400.0,1533500.0,False,0.0,13:03:09
22850.0,200,150.0,0.0,SD,1589400.0,1531500.0,False,0.0,13:03:09
22850.0,300,150.0,0.0,SD,1589400.0,1531300.0,False,0.0,13:03:09
22850.0,5000,150.0,0.0,SD,1589400.0,1531000.0,False,0.0,13:03:09
22850.0,200,150.0,0.0,SD,1589400.0,1526000.0,False,0.0,13:03:09
22850.0,900,150.0,0.0,SD,1589400.0,1525800.0,False,0.0,13:03:09
22850.0,100,150.0,0.0,SD,1589400.0,1524900.0,False,0.0,13:03:09
22850.0,1000,150.0,0.0,SD,1589400.0,1524800.0,False,0.0,13:03:09
22850.0,500,150.0,0.0,SD,1589400.0,1523800.0,False,0.0,13:03:09
22850.0,1000,150.0,0.0,SD,1589400.0,1523300.0,False,0.0,13:03:09
22850.0,500,150.0,0.0,SD,1589400.0,1522300.0,False,0.0,13:03:09
22850.0,100,150.0,0.0,SD,1589400.0,1521800.0,False,0.0,13:03:09
22850.0,300,150.0,0.0,SD,1589400.0,1521700.0,False,0.0,13:03:09
22850.0,4600,150.0,0.0,SD,1589400.0,1521400.0,False,0.0,13:03:09
22850.0,800,150.0,0.0,SD,1589400.0,1516800.0,False,0.0,13:03:08
22850.0,1100,150.0,0.0,SD,1589400.0,1516000.0,False,0.0,13:03:07
22850.0,100,150.0,0.0,SD,1589400.0,1514900.0,False,0.0,13:03:07
22850.0,200,150.0,0.0,SD,1589400.0,1514800.0,False,0.0,13:03:07
22850.0,100,150.0,0.0,SD,1589400.0,1514600.0,False,0.0,13:03:07
22850.0,1700,150.0,0.0,SD,1589400.0,1514500.0,False,0.0,13:03:07
22850.0,1000,150.0,0.0,SD,1589400.0,1512800.0,False,0.0,13:02:56
22850.0,1500,150.0,0.0,SD,1589400.0,1511800.0,False,0.0,13:02:55
22850.0,200,150.0,0.0,SD,1589400.0,1510300.0,False,0.0,13:02:50
22850.0,700,150.0,0.0,SD,1589400.0,1510100.0,False,0.0,13:02:49
22850.0,100,150.0,0.0,SD,1589400.0,1509400.0,False,0.0,13:02:46
22850.0,200,150.0,0.0,SD,1589400.0,1509300.0,False,0.0,13:02:43
22850.0,500,150.0,0.0,SD,1589400.0,1509100.0,False,0.0,13:02:43
22850.0,100,150.0,0.0,SD,1589400.0,1508600.0,False,0.0,13:02:43
22850.0,200,150.0,0.0,SD,1589400.0,1508500.0,False,0.0,13:02:43
22850.0,200,150.0,0.0,SD,1589400.0,1508300.0,False,-50.0,13:02:31
22900.0,2800,200.0,0.0,BU,1589400.0,1508100.0,False,0.0,13:02:00
22900.0,2000,200.0,0.0,BU,1586600.0,1508100.0,False,0.0,13:02:00
22900.0,1000,200.0,0.0,BU,1584600.0,1508100.0,False,0.0,13:02:00
22900.0,3000,200.0,0.0,BU,1583600.0,1508100.0,False,0.0,13:02:00
22900.0,1200,200.0,0.0,BU,1580600.0,1508100.0,False,0.0,13:02:00
22900.0,2000,200.0,0.0,BU,1579400.0,1508100.0,False,50.0,13:01:57
22850.0,100,150.0,0.0,SD,1577400.0,1508100.0,False,0.0,13:01:49
22850.0,500,150.0,0.0,SD,1577400.0,1508000.0,False,0.0,13:01:48
22850.0,500,150.0,0.0,SD,1577400.0,1507500.0,False,-50.0,13:01:47
22900.0,700,200.0,0.0,BU,1577400.0,1507000.0,False,0.0,13:01:30
22900.0,100,200.0,0.0,BU,1576700.0,1507000.0,False,0.0,13:01:20
22900.0,200,200.0,0.0,BU,1576600.0,1507000.0,False,0.0,13:01:01
22900.0,800,200.0,0.0,BU,1576400.0,1507000.0,False,0.0,13:01:00
22900.0,1200,200.0,0.0,BU,1575600.0,1507000.0,False,0.0,13:01:00
22900.0,1800,200.0,0.0,BU,1574400.0,1507000.0,False,0.0,13:00:39
22900.0,2000,200.0,0.0,BU,1572600.0,1507000.0,False,0.0,13:00:39
22900.0,100,200.0,0.0,BU,1570600.0,1507000.0,False,0.0,13:00:39
22900.0,300,200.0,0.0,BU,1570500.0,1507000.0,False,0.0,13:00:39
22900.0,3300,200.0,0.0,BU,1570200.0,1507000.0,False,0.0,13:00:39
22900.0,500,200.0,0.0,BU,1566900.0,1507000.0,False,0.0,13:00:39
22900.0,800,200.0,0.0,BU,1566400.0,1507000.0,False,0.0,13:00:39
22900.0,800,200.0,0.0,BU,1565600.0,1507000.0,False,0.0,13:00:35
22900.0,200,200.0,0.0,BU,1564800.0,1507000.0,False,0.0,13:00:35
22900.0,200,200.0,0.0,BU,1564600.0,1507000.0,False,0.0,13:00:28
22900.0,700,200.0,0.0,BU,1564400.0,1507000.0,False,0.0,13:00:28
22900.0,100,200.0,0.0,BU,1563700.0,1507000.0,False,50.0,13:00:22
22850.0,500,150.0,0.0,SD,1563600.0,1507000.0,False,0.0,13:00:18
22850.0,1000,150.0,0.0,SD,1563600.0,1506500.0,False,0.0,13:00:18
22850.0,200,150.0,0.0,SD,1563600.0,1505500.0,False,0.0,13:00:18
22850.0,5300,150.0,0.0,SD,1563600.0,1505300.0,False,0.0,13:00:18
22850.0,1000,150.0,0.0,SD,1563600.0,1500000.0,False,-50.0,13:00:16
22900.0,1200,200.0,0.0,BU,1563600.0,1499000.0,False,0.0,13:00:16
22900.0,800,200.0,0.0,BU,1562400.0,1499000.0,False,0.0,13:00:16
22900.0,1000,200.0,0.0,BU,1561600.0,1499000.0,False,0.0,13:00:16
22900.0,100,200.0,0.0,BU,1560600.0,1499000.0,False,0.0,13:00:13
22900.0,100,200.0,0.0,BU,1560500.0,1499000.0,False,0.0,13:00:13
22900.0,300,200.0,0.0,BU,1560400.0,1499000.0,False,0.0,13:00:12
22900.0,200,200.0,0.0,BU,1560100.0,1499000.0,False,0.0,13:00:10
22900.0,100,200.0,0.0,BU,1559900.0,1499000.0,False,0.0,13:00:08
22900.0,100,200.0,0.0,BU,1559800.0,1499000.0,False,50.0,13:00:07
22850.0,1000,150.0,0.0,SD,1559700.0,1499000.0,False,-50.0,13:00:06
22900.0,300,200.0,0.0,SD,1559700.0,1498000.0,False,0.0,13:00:06
22900.0,1000,200.0,0.0,SD,1559700.0,1497700.0,False,0.0,13:00:06
22900.0,700,200.0,0.0,BU,1559700.0,1496700.0,False,0.0,13:00:05
22900.0,300,200.0,0.0,BU,1559000.0,1496700.0,False,0.0,13:00:05
22900.0,300,200.0,0.0,BU,1558700.0,1496700.0,False,0.0,13:00:05
22900.0,500,200.0,0.0,BU,1558400.0,1496700.0,False,0.0,13:00:05
22900.0,1500,200.0,0.0,BU,1557900.0,1496700.0,False,0.0,13:00:01
22900.0,100,200.0,0.0,BU,1556400.0,1496700.0,False,0.0,13:00:01
22900.0,2300,200.0,0.0,BU,1556300.0,1496700.0,False,0.0,13:00:01
22900.0,3000,200.0,0.0,BU,1554000.0,1496700.0,False,50.0,13:00:01
22850.0,100,150.0,0.0,SD,1551000.0,1496700.0,False,0.0,13:00:01
22850.0,600,150.0,0.0,SD,1551000.0,1496600.0,False,-50.0,13:00:00
22900.0,500,200.0,0.0,SD,1551000.0,1496000.0,False,0.0,13:00:00
22900.0,4200,200.0,0.0,SD,1551000.0,1495500.0,False,0.0,13:00:00
22900.0,100,200.0,0.0,SD,1551000.0,1491300.0,False,0.0,13:00:00
22900.0,1500,200.0,0.0,SD,1551000.0,1491200.0,False,0.0,13:00:00
22900.0,300,200.0,0.0,SD,1551000.0,1489700.0,False,0.0,13:00:00
22900.0,3900,200.0,0.0,SD,1551000.0,1489400.0,False,0.0,13:00:00
22900.0,900,200.0,0.0,SD,1551000.0,1485500.0,False,0.0,13:00:00
22900.0,100,200.0,0.0,SD,1551000.0,1484600.0,False,0.0,13:00:00
22900.0,100,200.0,0.0,SD,1551000.0,1484500.0,False,-50.0,13:00:00
22950.0,1100,250.0,0.0,BU,1551000.0,1484400.0,False,0.0,11:29:28
22950.0,400,250.0,0.0,BU,1549900.0,1484400.0,False,0.0,11:29:19
22950.0,100,250.0,0.0,BU,1549500.0,1484400.0,False,50.0,11:29:19
22900.0,600,200.0,0.0,BU,1549400.0,1484400.0,False,0.0,11:29:19
22900.0,1500,200.0,0.0,BU,1548800.0,1484400.0,False,0.0,11:29:19
22900.0,400,200.0,0.0,BU,1547300.0,1484400.0,False,0.0,11:29:19
22900.0,2000,200.0,0.0,BU,1546900.0,1484400.0,False,0.0,11:28:35
22900.0,300,200.0,0.0,BU,1544900.0,1484400.0,False,50.0,11:28:35
22850.0,100,150.0,0.0,SD,1544600.0,1484400.0,False,-50.0,11:28:19
22900.0,3300,200.0,0.0,SD,1544600.0,1484300.0,False,0.0,11:28:11
22900.0,1000,200.0,0.0,SD,1544600.0,1481000.0,False,0.0,11:28:08
22900.0,1300,200.0,0.0,SD,1544600.0,1480000.0,False,0.0,11:28:03
22900.0,1000,200.0,0.0,SD,1544600.0,1478700.0,False,0.0,11:27:54
22900.0,400,200.0,0.0,SD,1544600.0,1477700.0,False,0.0,11:27:54
22900.0,500,200.0,0.0,SD,1544600.0,1477300.0,False,0.0,11:27:54
22900.0,1000,200.0,0.0,SD,1544600.0,1476800.0,False,0.0,11:27:54
22900.0,1500,200.0,0.0,SD,1544600.0,1475800.0,False,0.0,11:27:54
22900.0,1000,200.0,0.0,SD,1544600.0,1474300.0,False,0.0,11:27:54
22900.0,400,200.0,0.0,SD,1544600.0,1473300.0,False,0.0,11:27:54
22900.0,100,200.0,0.0,SD,1544600.0,1472900.0,False,0.0,11:27:54
22900.0,1700,200.0,0.0,SD,1544600.0,1472800.0,False,0.0,11:27:54
22900.0,2000,200.0,0.0,SD,1544600.0,1471100.0,False,0.0,11:27:54
22900.0,2000,200.0,0.0,SD,1544600.0,1469100.0,False,0.0,11:27:54
22900.0,100,200.0,0.0,SD,1544600.0,1467100.0,False,0.0,11:27:54
22900.0,10000,200.0,0.0,SD,1544600.0,1467000.0,True,0.0,11:27:54
22900.0,200,200.0,0.0,SD,1544600.0,1457000.0,False,0.0,11:27:54
22900.0,500,200.0,0.0,SD,1544600.0,1456800.0,False,0.0,11:27:54
22900.0,100,200.0,0.0,SD,1544600.0,1456300.0,False,0.0,11:27:54
22900.0,5000,200.0,0.0,SD,1544600.0,1456200.0,False,0.0,11:27:54
22900.0,1000,200.0,0.0,SD,1544600.0,1451200.0,False,0.0,11:27:54
22900.0,1200,200.0,0.0,SD,1544600.0,1450200.0,False,0.0,11:27:54
22900.0,100,200.0,0.0,SD,1544600.0,1449000.0,False,0.0,11:27:54
22900.0,200,200.0,0.0,SD,1544600.0,1448900.0,False,0.0,11:27:54
22900.0,10000,200.0,0.0,SD,1544600.0,1448700.0,True,0.0,11:27:54
22900.0,5000,200.0,0.0,SD,1544600.0,1438700.0,False,0.0,11:27:54
22900.0,2000,200.0,0.0,SD,1544600.0,1433700.0,False,0.0,11:27:54
22900.0,1800,200.0,0.0,SD,1544600.0,1431700.0,False,0.0,11:27:54
22900.0,100,200.0,0.0,SD,1544600.0,1429900.0,False,0.0,11:27:54
22900.0,300,200.0,0.0,SD,1544600.0,1429800.0,False,0.0,11:27:54
22900.0,800,200.0,0.0,SD,1544600.0,1429500.0,False,0.0,11:27:54
22900.0,100,200.0,0.0,SD,1544600.0,1428700.0,False,-50.0,11:27:26
22950.0,500,250.0,0.0,BU,1544600.0,1428600.0,False,0.0,11:27:20
22950.0,100,250.0,0.0,BU,1544100.0,1428600.0,False,0.0,11:27:17
22950.0,500,250.0,0.0,BU,1544000.0,1428600.0,False,0.0,11:27:03
22950.0,500,250.0,0.0,BU,1543500.0,1428600.0,False,0.0,11:26:57
22950.0,1000,250.0,0.0,BU,1543000.0,1428600.0,False,0.0,11:26:45
22950.0,5000,250.0,0.0,SD,1542000.0,1428600.0,False,0.0,11:26:32
22950.0,1000,250.0,0.0,SD,1542000.0,1423600.0,False,0.0,11:26:32
22950.0,6200,250.0,0.0,SD,1542000.0,1422600.0,False,0.0,11:26:32
22950.0,100,250.0,0.0,SD,1542000.0,1416400.0,False,0.0,11:26:32
22950.0,1900,250.0,0.0,SD,1542000.0,1416300.0,False,0.0,11:26:32
22950.0,800,250.0,0.0,SD,1542000.0,1414400.0,False,0.0,11:26:32
22950.0,7400,250.0,0.0,SD,1542000.0,1413600.0,False,0.0,11:26:32
22950.0,1700,250.0,0.0,SD,1542000.0,1406200.0,False,0.0,11:26:29
22950.0,900,250.0,0.0,SD,1542000.0,1404500.0,False,0.0,11:26:11
22950.0,100,250.0,0.0,SD,1542000.0,1403600.0,False,0.0,11:26:11
22950.0,1500,250.0,0.0,SD,1542000.0,1403500.0,False,-50.0,11:26:11
23000.0,700,300.0,0.0,BU,1542000.0,1402000.0,False,0.0,11:25:58
23000.0,300,300.0,0.0,BU,1541300.0,1402000.0,False,0.0,11:25:58
23000.0,1700,300.0,0.0,BU,1541000.0,1402000.0,False,0.0,11:25:33
23000.0,500,300.0,0.0,BU,1539300.0,1402000.0,False,0.0,11:25:33
23000.0,2500,300.0,0.0,BU,1538800.0,1402000.0,False,0.0,11:25:33
23000.0,100,300.0,0.0,BU,1536300.0,1402000.0,False,0.0,11:25:33
23000.0,200,300.0,0.0,BU,1536200.0,1402000.0,False,0.0,11:25:33
23000.0,900,300.0,0.0,BU,1536000.0,1402000.0,False,0.0,11:25:21
23000.0,300,300.0,0.0,BU,1535100.0,1402000.0,False,0.0,11:25:12
23000.0,500,300.0,0.0,BU,1534800.0,1402000.0,False,0.0,11:24:58
23000.0,200,300.0,0.0,SD,1534300.0,1402000.0,False,0.0,11:24:20
23000.0,100,300.0,0.0,SD,1534300.0,1401800.0,False,0.0,11:24:20
23000.0,400,300.0,0.0,SD,1534300.0,1401700.0,False,0.0,11:24:16
23000.0,2600,300.0,0.0,SD,1534300.0,1401300.0,False,0.0,11:24:16
23000.0,400,300.0,0.0,SD,1534300.0,1398700.0,False,0.0,11:24:09
23000.0,600,300.0,0.0,SD,1534300.0,1398300.0,False,0.0,11:24:09
23000.0,300,300.0,0.0,SD,1534300.0,1397700.0,False,0.0,11:24:01
23000.0,1000,300.0,0.0,SD,1534300.0,1397400.0,False,0.0,11:24:00
23000.0,300,300.0,0.0,SD,1534300.0,1396400.0,False,0.0,11:24:00
23000.0,100,300.0,0.0,SD,1534300.0,1396100.0,False,0.0,11:24:00
23000.0,1000,300.0,0.0,SD,1534300.0,1396000.0,False,0.0,11:24:00
23000.0,600,300.0,0.0,SD,1534300.0,1395000.0,False,0.0,11:24:00
23000.0,400,300.0,0.0,SD,1534300.0,1394400.0,False,0.0,11:23:57
23000.0,600,300.0,0.0,SD,1534300.0,1394000.0,False,0.0,11:23:57
23000.0,400,300.0,0.0,SD,1534300.0,1393400.0,False,0.0,11:23:48
23000.0,200,300.0,0.0,SD,1534300.0,1393000.0,False,0.0,11:23:48
23000.0,100,300.0,0.0,SD,1534300.0,1392800.0,False,0.0,11:23:18
23000.0,200,300.0,0.0,SD,1534300.0,1392700.0,False,0.0,11:23:18
23000.0,300,300.0,0.0,SD,1534300.0,1392500.0,False,0.0,11:23:05
23000.0,200,300.0,0.0,SD,1534300.0,1392200.0,False,-50.0,11:23:05
23050.0,100,350.0,0.0,BU,1534300.0,1392000.0,False,0.0,11:23:03
23050.0,1100,350.0,0.0,BU,1534200.0,1392000.0,False,50.0,11:23:03
23000.0,1900,300.0,0.0,SD,1533100.0,1392000.0,False,0.0,11:23:00
23000.0,100,300.0,0.0,SD,1533100.0,1390100.0,False,0.0,11:23:00
23000.0,500,300.0,0.0,SD,1533100.0,1390000.0,False,0.0,11:22:54
23000.0,600,300.0,0.0,SD,1533100.0,1389500.0,False,-50.0,11:22:41
23050.0,500,350.0,0.0,SD,1533100.0,1388900.0,False,0.0,11:22:26
23050.0,1000,350.0,0.0,SD,1533100.0,1388400.0,False,0.0,11:22:26
23050.0,500,350.0,0.0,SD,1533100.0,1387400.0,False,0.0,11:22:26
23050.0,500,350.0,0.0,SD,1533100.0,1386900.0,False,0.0,11:22:24
23050.0,1500,350.0,0.0,SD,1533100.0,1386400.0,False,0.0,11:22:24
23050.0,500,350.0,0.0,SD,1533100.0,1384900.0,False,0.0,11:22:11
23050.0,600,350.0,0.0,SD,1533100.0,1384400.0,False,-50.0,11:22:09
23100.0,3000,400.0,0.0,BU,1533100.0,1383800.0,False,50.0,11:22:06
23050.0,300,350.0,0.0,SD,1530100.0,1383800.0,False,0.0,11:22:06
23050.0,2000,350.0,0.0,SD,1530100.0,1383500.0,False,0.0,11:22:00
23050.0,1200,350.0,0.0,SD,1530100.0,1381500.0,False,0.0,11:21:37
23050.0,1500,350.0,0.0,SD,1530100.0,1380300.0,False,0.0,11:21:32
23050.0,2900,350.0,0.0,BU,1530100.0,1378800.0,False,0.0,11:21:31
23050.0,100,350.0,0.0,BU,1527200.0,1378800.0,False,0.0,11:21:31
23050.0,400,350.0,0.0,BU,1527100.0,1378800.0,False,0.0,11:21:31
23050.0,100,350.0,0.0,BU,1526700.0,1378800.0,False,0.0,11:21:08
23050.0,2000,350.0,0.0,SD,1526600.0,1378800.0,False,0.0,11:20:50
23050.0,100,350.0,0.0,SD,1526600.0,1376800.0,False,0.0,11:20:44
23050.0,500,350.0,0.0,SD,1526600.0,1376700.0,False,-50.0,11:20:24
23100.0,100,400.0,0.0,BU,1526600.0,1376200.0,False,50.0,11:20:05
23050.0,1400,350.0,0.0,SD,1526500.0,1376200.0,False,0.0,11:20:01
23050.0,3000,350.0,0.0,SD,1526500.0,1374800.0,False,0.0,11:20:01
23050.0,600,350.0,0.0,SD,1526500.0,1371800.0,False,-50.0,11:20:00
23100.0,1000,400.0,0.0,BU,1526500.0,1371200.0,False,50.0,11:19:51
23050.0,200,350.0,0.0,SD,1525500.0,1371200.0,False,-50.0,11:19:49
23100.0,100,400.0,0.0,BU,1525500.0,1371000.0,False,0.0,11:19:28
23100.0,500,400.0,0.0,BU,1525400.0,1371000.0,False,0.0,11:19:13
23100.0,100,400.0,0.0,BU,1524900.0,1371000.0,False,0.0,11:18:48
23100.0,200,400.0,0.0,BU,1524800.0,1371000.0,False,0.0,11:18:32
23100.0,200,400.0,0.0,BU,1524600.0,1371000.0,False,50.0,11:18:32
23050.0,100,350.0,0.0,SD,1524400.0,1371000.0,False,0.0,11:18:31
23050.0,200,350.0,0.0,SD,1524400.0,1370900.0,False,0.0,11:18:24
23050.0,300,350.0,0.0,SD,1524400.0,1370700.0,False,0.0,11:18:15
23050.0,200,350.0,0.0,SD,1524400.0,1370400.0,False,0.0,11:18:15
23050.0,100,350.0,0.0,SD,1524400.0,1370200.0,False,-50.0,11:18:15
23100.0,800,400.0,0.0,BU,1524400.0,1370100.0,False,0.0,11:18:05
23100.0,200,400.0,0.0,BU,1523600.0,1370100.0,False,0.0,11:18:05
23100.0,5000,400.0,0.0,BU,1523400.0,1370100.0,False,0.0,11:18:05
23100.0,1000,400.0,0.0,BU,1518400.0,1370100.0,False,50.0,11:18:00
23050.0,300,350.0,0.0,SD,1517400.0,1370100.0,False,0.0,11:17:39
23050.0,200,350.0,0.0,SD,1517400.0,1369800.0,False,0.0,11:17:37
23050.0,100,350.0,0.0,SD,1517400.0,1369600.0,False,0.0,11:17:18
23050.0,800,350.0,0.0,SD,1517400.0,1369500.0,False,0.0,11:17:10
23050.0,2100,350.0,0.0,BU,1517400.0,1368700.0,False,0.0,11:17:04
23050.0,100,350.0,0.0,BU,1515300.0,1368700.0,False,0.0,11:17:04
23050.0,300,350.0,0.0,BU,1515200.0,1368700.0,False,0.0,11:17:04
23050.0,400,350.0,0.0,BU,1514900.0,1368700.0,False,0.0,11:17:04
23050.0,600,350.0,0.0,BU,1514500.0,1368700.0,False,0.0,11:17:04
23050.0,400,350.0,0.0,BU,1513900.0,1368700.0,False,0.0,11:16:41
23050.0,600,350.0,0.0,BU,1513500.0,1368700.0,False,0.0,11:16:41
23050.0,500,350.0,0.0,BU,1512900.0,1368700.0,False,50.0,11:16:34
23000.0,100,300.0,0.0,SD,1512400.0,1368700.0,False,0.0,11:16:31
23000.0,400,300.0,0.0,SD,1512400.0,1368600.0,False,-50.0,11:16:29
23050.0,4900,350.0,0.0,BU,1512400.0,1368200.0,False,0.0,11:16:18
23050.0,400,350.0,0.0,BU,1507500.0,1368200.0,False,0.0,11:16:18
23050.0,500,350.0,0.0,BU,1507100.0,1368200.0,False,0.0,11:16:18
23050.0,500,350.0,0.0,BU,1506600.0,1368200.0,False,0.0,11:16:18
23050.0,100,350.0,0.0,BU,1506100.0,1368200.0,False,0.0,11:16:18
23050.0,100,350.0,0.0,BU,1506000.0,1368200.0,False,0.0,11:16:18
23050.0,200,350.0,0.0,BU,1505900.0,1368200.0,False,0.0,11:16:18
23050.0,100,350.0,0.0,BU,1505700.0,1368200.0,False,0.0,11:16:18
23050.0,100,350.0,0.0,BU,1505600.0,1368200.0,False,0.0,11:16:18
23050.0,100,350.0,0.0,BU,1505500.0,1368200.0,False,0.0,11:16:18
23050.0,1000,350.0,0.0,BU,1505400.0,1368200.0,False,0.0,11:16:18
23050.0,1000,350.0,0.0,BU,1504400.0,1368200.0,False,0.0,11:16:18
23050.0,400,350.0,0.0,BU,1503400.0,1368200.0,False,0.0,11:16:18
23050.0,500,350.0,0.0,BU,1503000.0,1368200.0,False,0.0,11:16:18
23050.0,300,350.0,0.0,BU,1502500.0,1368200.0,False,0.0,11:16:18
23050.0,300,350.0,0.0,BU,1502200.0,1368200.0,False,0.0,11:16:18
23050.0,500,350.0,0.0,BU,1501900.0,1368200.0,False,50.0,11:16:18
23000.0,100,300.0,0.0,SD,1501400.0,1368200.0,False,0.0,11:16:16
23000.0,100,300.0,0.0,SD,1501400.0,1368100.0,False,0.0,11:16:13
23000.0,100,300.0,0.0,BU,1501400.0,1368000.0,False,0.0,11:16:10
23000.0,400,300.0,0.0,BU,1501300.0,1368000.0,False,0.0,11:16:10
23000.0,100,300.0,0.0,BU,1500900.0,1368000.0,False,0.0,11:16:10
23000.0,100,300.0,0.0,BU,1500800.0,1368000.0,False,0.0,11:16:10
23000.0,200,300.0,0.0,BU,1500700.0,1368000.0,False,0.0,11:16:10
23000.0,1800,300.0,0.0,BU,1500500.0,1368000.0,False,0.0,11:16:10
23000.0,1200,300.0,0.0,BU,1498700.0,1368000.0,False,0.0,11:16:10
23000.0,1000,300.0,0.0,BU,1497500.0,1368000.0,False,0.0,11:16:06
23000.0,800,300.0,0.0,BU,1496500.0,1368000.0,False,0.0,11:16:04
23000.0,200,300.0,0.0,BU,1495700.0,1368000.0,False,0.0,11:16:04
23000.0,1400,300.0,0.0,BU,1495500.0,1368000.0,False,0.0,11:16:04
23000.0,4300,300.0,0.0,BU,1494100.0,1368000.0,False,0.0,11:15:57
23000.0,200,300.0,0.0,BU,1489800.0,1368000.0,False,0.0,11:15:57
23000.0,500,300.0,0.0,BU,1489600.0,1368000.0,False,0.0,11:15:57
23000.0,500,300.0,0.0,BU,1489100.0,1368000.0,False,0.0,11:15:28
23000.0,600,300.0,0.0,BU,1488600.0,1368000.0,False,0.0,11:15:28
23000.0,200,300.0,0.0,BU,1488000.0,1368000.0,False,0.0,11:15:28
23000.0,1000,300.0,0.0,BU,1487800.0,1368000.0,False,0.0,11:15:28
23000.0,2000,300.0,0.0,BU,1486800.0,1368000.0,False,0.0,11:15:28
23000.0,500,300.0,0.0,BU,1484800.0,1368000.0,False,0.0,11:15:28
23000.0,300,300.0,0.0,BU,1484300.0,1368000.0,False,0.0,11:15:28
23000.0,500,300.0,0.0,BU,1484000.0,1368000.0,False,0.0,11:15:28
23000.0,100,300.0,0.0,BU,1483500.0,1368000.0,False,0.0,11:15:28
23000.0,100,300.0,0.0,BU,1483400.0,1368000.0,False,0.0,11:15:28
23000.0,500,300.0,0.0,BU,1483300.0,1368000.0,False,0.0,11:15:28
23000.0,300,300.0,0.0,BU,1482800.0,1368000.0,False,0.0,11:15:28
23000.0,1000,300.0,0.0,BU,1482500.0,1368000.0,False,0.0,11:15:28
23000.0,100,300.0,0.0,BU,1481500.0,1368000.0,False,0.0,11:15:28
23000.0,700,300.0,0.0,BU,1481400.0,1368000.0,False,0.0,11:15:28
23000.0,3000,300.0,0.0,BU,1480700.0,1368000.0,False,0.0,11:15:28
23000.0,100,300.0,0.0,BU,1477700.0,1368000.0,False,0.0,11:15:28
23000.0,100,300.0,0.0,BU,1477600.0,1368000.0,False,0.0,11:15:28
23000.0,300,300.0,0.0,BU,1477500.0,1368000.0,False,0.0,11:15:28
23000.0,200,300.0,0.0,BU,1477200.0,1368000.0,False,0.0,11:15:28
23000.0,1000,300.0,0.0,BU,1477000.0,1368000.0,False,0.0,11:15:28
23000.0,300,300.0,0.0,BU,1476000.0,1368000.0,False,0.0,11:15:28
23000.0,1000,300.0,0.0,BU,1475700.0,1368000.0,False,0.0,11:15:28
23000.0,100,300.0,0.0,BU,1474700.0,1368000.0,False,0.0,11:15:28
23000.0,400,300.0,0.0,BU,1474600.0,1368000.0,False,0.0,11:15:28
23000.0,1500,300.0,0.0,BU,1474200.0,1368000.0,False,0.0,11:15:28
23000.0,500,300.0,0.0,BU,1472700.0,1368000.0,False,0.0,11:15:28
23000.0,500,300.0,0.0,BU,1472200.0,1368000.0,False,0.0,11:15:28
23000.0,200,300.0,0.0,BU,1471700.0,1368000.0,False,0.0,11:15:28
23000.0,100,300.0,0.0,BU,1471500.0,1368000.0,False,0.0,11:15:28
23000.0,100,300.0,0.0,BU,1471400.0,1368000.0,False,0.0,11:15:28
23000.0,1000,300.0,0.0,BU,1471300.0,1368000.0,False,0.0,11:15:28
23000.0,500,300.0,0.0,BU,1470300.0,1368000.0,False,0.0,11:15:28
23000.0,100,300.0,0.0,BU,1469800.0,1368000.0,False,0.0,11:15:28
23000.0,400,300.0,0.0,BU,1469700.0,1368000.0,False,0.0,11:15:28
23000.0,200,300.0,0.0,BU,1469300.0,1368000.0,False,50.0,11:15:28
22950.0,1500,250.0,0.0,SD,1469100.0,1368000.0,False,0.0,11:15:19
22950.0,200,250.0,0.0,SD,1469100.0,1366500.0,False,0.0,11:15:19
22950.0,100,250.0,0.0,SD,1469100.0,1366300.0,False,0.0,11:15:16
22950.0,1500,250.0,0.0,SD,1469100.0,1366200.0,False,0.0,11:14:37
22950.0,2300,250.0,0.0,SD,1469100.0,1364700.0,False,0.0,11:14:37
22950.0,2000,250.0,0.0,SD,1469100.0,1362400.0,False,0.0,11:14:37
22950.0,500,250.0,0.0,SD,1469100.0,1360400.0,False,0.0,11:14:37
22950.0,100,250.0,0.0,SD,1469100.0,1359900.0,False,0.0,11:14:37
22950.0,200,250.0,0.0,SD,1469100.0,1359800.0,False,0.0,11:14:37
22950.0,800,250.0,0.0,SD,1469100.0,1359600.0,False,0.0,11:14:37
22950.0,100,250.0,0.0,SD,1469100.0,1358800.0,False,0.0,11:14:37
22950.0,2500,250.0,0.0,SD,1469100.0,1358700.0,False,0.0,11:14:37
22950.0,100,250.0,0.0,SD,1469100.0,1356200.0,False,-50.0,11:13:13
23000.0,2200,300.0,0.0,BU,1469100.0,1356100.0,False,0.0,11:12:58
23000.0,500,300.0,0.0,BU,1466900.0,1356100.0,False,0.0,11:12:58
23000.0,300,300.0,0.0,BU,1466400.0,1356100.0,False,0.0,11:12:58
23000.0,300,300.0,0.0,BU,1466100.0,1356100.0,False,0.0,11:12:58
23000.0,500,300.0,0.0,BU,1465800.0,1356100.0,False,0.0,11:12:58
23000.0,300,300.0,0.0,BU,1465300.0,1356100.0,False,0.0,11:12:58
23000.0,100,300.0,0.0,BU,1465000.0,1356100.0,False,0.0,11:12:58
23000.0,100,300.0,0.0,BU,1464900.0,1356100.0,False,0.0,11:12:58
23000.0,500,300.0,0.0,BU,1464800.0,1356100.0,False,0.0,11:12:58
23000.0,500,300.0,0.0,BU,1464300.0,1356100.0,False,0.0,11:12:58
23000.0,300,300.0,0.0,BU,1463800.0,1356100.0,False,0.0,11:12:58
23000.0,500,300.0,0.0,BU,1463500.0,1356100.0,False,0.0,11:12:58
23000.0,300,300.0,0.0,BU,1463000.0,1356100.0,False,0.0,11:12:58
23000.0,1500,300.0,0.0,BU,1462700.0,1356100.0,False,0.0,11:12:58
23000.0,200,300.0,0.0,BU,1461200.0,1356100.0,False,0.0,11:12:58
23000.0,1000,300.0,0.0,BU,1461000.0,1356100.0,False,0.0,11:12:49
23000.0,500,300.0,0.0,BU,1460000.0,1356100.0,False,0.0,11:12:46
23000.0,700,300.0,0.0,BU,1459500.0,1356100.0,False,0.0,11:12:34
23000.0,1000,300.0,0.0,BU,1458800.0,1356100.0,False,50.0,11:12:33
22950.0,400,250.0,0.0,SD,1457800.0,1356100.0,False,-50.0,11:12:23
23000.0,100,300.0,0.0,BU,1457800.0,1355700.0,False,0.0,11:12:08
23000.0,2500,300.0,0.0,BU,1457700.0,1355700.0,False,0.0,11:12:03
23000.0,1000,300.0,0.0,BU,1455200.0,1355700.0,False,0.0,11:12:03
23000.0,2500,300.0,0.0,BU,1454200.0,1355700.0,False,100.0,11:12:03
22900.0,100,200.0,0.0,SD,1451700.0,1355700.0,False,0.0,11:12:00
22900.0,200,200.0,0.0,SD,1451700.0,1355600.0,False,-100.0,11:12:00
23000.0,3200,300.0,0.0,BU,1451700.0,1355400.0,False,0.0,11:11:47
23000.0,300,300.0,0.0,BU,1448500.0,1355400.0,False,0.0,11:11:47
23000.0,1000,300.0,0.0,BU,1448200.0,1355400.0,False,0.0,11:11:47
23000.0,100,300.0,0.0,BU,1447200.0,1355400.0,False,0.0,11:11:47
23000.0,200,300.0,0.0,BU,1447100.0,1355400.0,False,0.0,11:11:47
23000.0,200,300.0,0.0,BU,1446900.0,1355400.0,False,0.0,11:11:47
23000.0,2000,300.0,0.0,BU,1446700.0,1355400.0,False,0.0,11:11:42
23000.0,1000,300.0,0.0,BU,1444700.0,1355400.0,False,0.0,11:11:42
23000.0,1000,300.0,0.0,BU,1443700.0,1355400.0,False,0.0,11:11:42
23000.0,100,300.0,0.0,BU,1442700.0,1355400.0,False,0.0,11:11:42
23000.0,300,300.0,0.0,BU,1442600.0,1355400.0,False,0.0,11:11:42
23000.0,300,300.0,0.0,BU,1442300.0,1355400.0,False,0.0,11:11:42
23000.0,1000,300.0,0.0,BU,1442000.0,1355400.0,False,0.0,11:11:42
23000.0,1000,300.0,0.0,BU,1441000.0,1355400.0,False,0.0,11:11:42
23000.0,600,300.0,0.0,BU,1440000.0,1355400.0,False,0.0,11:11:42
23000.0,100,300.0,0.0,BU,1439400.0,1355400.0,False,0.0,11:11:42
23000.0,1500,300.0,0.0,BU,1439300.0,1355400.0,False,0.0,11:11:42
23000.0,700,300.0,0.0,BU,1437800.0,1355400.0,False,0.0,11:11:42
23000.0,200,300.0,0.0,BU,1437100.0,1355400.0,False,0.0,11:11:42
23000.0,800,300.0,0.0,BU,1436900.0,1355400.0,False,0.0,11:11:42
23000.0,1000,300.0,0.0,BU,1436100.0,1355400.0,False,0.0,11:11:42
23000.0,1600,300.0,0.0,BU,1435100.0,1355400.0,False,0.0,11:11:42
23000.0,900,300.0,0.0,BU,1433500.0,1355400.0,False,0.0,11:11:42
23000.0,2000,300.0,0.0,BU,1432600.0,1355400.0,False,0.0,11:11:42
23000.0,1000,300.0,0.0,BU,1430600.0,1355400.0,False,0.0,11:11:42
23000.0,200,300.0,0.0,BU,1429600.0,1355400.0,False,0.0,11:11:42
23000.0,500,300.0,0.0,BU,1429400.0,1355400.0,False,0.0,11:11:42
23000.0,200,300.0,0.0,BU,1428900.0,1355400.0,False,0.0,11:11:42
23000.0,1000,300.0,0.0,BU,1428700.0,1355400.0,False,0.0,11:11:42
23000.0,500,300.0,0.0,BU,1427700.0,1355400.0,False,0.0,11:11:42
23000.0,100,300.0,0.0,BU,1427200.0,1355400.0,False,0.0,11:11:42
23000.0,500,300.0,0.0,BU,1427100.0,1355400.0,False,0.0,11:11:42
23000.0,5500,300.0,0.0,BU,1426600.0,1355400.0,False,0.0,11:11:42
23000.0,1000,300.0,0.0,BU,1421100.0,1355400.0,False,0.0,11:11:42
23000.0,200,300.0,0.0,BU,1420100.0,1355400.0,False,0.0,11:11:42
23000.0,2000,300.0,0.0,BU,1419900.0,1355400.0,False,0.0,11:11:42
23000.0,2900,300.0,0.0,BU,1417900.0,1355400.0,False,0.0,11:11:42
23000.0,100,300.0,0.0,BU,1415000.0,1355400.0,False,0.0,11:11:42
23000.0,100,300.0,0.0,BU,1414900.0,1355400.0,False,0.0,11:11:42
23000.0,1000,300.0,0.0,BU,1414800.0,1355400.0,False,0.0,11:11:42
23000.0,100,300.0,0.0,BU,1413800.0,1355400.0,False,0.0,11:11:42
23000.0,100,300.0,0.0,BU,1413700.0,1355400.0,False,0.0,11:11:42
23000.0,1000,300.0,0.0,BU,1413600.0,1355400.0,False,0.0,11:11:42
23000.0,1000,300.0,0.0,BU,1412600.0,1355400.0,False,0.0,11:11:42
23000.0,800,300.0,0.0,BU,1411600.0,1355400.0,False,0.0,11:11:42
23000.0,1000,300.0,0.0,BU,1410800.0,1355400.0,False,0.0,11:11:42
23000.0,1400,300.0,0.0,BU,1409800.0,1355400.0,False,0.0,11:11:42
23000.0,1000,300.0,0.0,BU,1408400.0,1355400.0,False,0.0,11:11:42
23000.0,1000,300.0,0.0,BU,1407400.0,1355400.0,False,0.0,11:11:42
23000.0,400,300.0,0.0,BU,1406400.0,1355400.0,False,0.0,11:11:42
23000.0,1000,300.0,0.0,BU,1406000.0,1355400.0,False,0.0,11:11:42
23000.0,200,300.0,0.0,BU,1405000.0,1355400.0,False,0.0,11:11:42
23000.0,1000,300.0,0.0,BU,1404800.0,1355400.0,False,0.0,11:11:42
23000.0,10000,300.0,0.0,BU,1403800.0,1355400.0,True,0.0,11:11:42
23000.0,100,300.0,0.0,BU,1393800.0,1355400.0,False,0.0,11:11:42
23000.0,500,300.0,0.0,BU,1393700.0,1355400.0,False,0.0,11:11:42
23000.0,500,300.0,0.0,BU,1393200.0,1355400.0,False,0.0,11:11:42
23000.0,200,300.0,0.0,BU,1392700.0,1355400.0,False,0.0,11:11:42
23000.0,1000,300.0,0.0,BU,1392500.0,1355400.0,False,0.0,11:11:42
23000.0,2000,300.0,0.0,BU,1391500.0,1355400.0,False,0.0,11:11:42
23000.0,100,300.0,0.0,BU,1389500.0,1355400.0,False,0.0,11:11:42
23000.0,5800,300.0,0.0,BU,1389400.0,1355400.0,False,0.0,11:11:42
23000.0,1400,300.0,0.0,BU,1383600.0,1355400.0,False,0.0,11:11:42
23000.0,400,300.0,0.0,BU,1382200.0,1355400.0,False,0.0,11:11:42
23000.0,2100,300.0,0.0,BU,1381800.0,1355400.0,False,0.0,11:11:42
23000.0,1000,300.0,0.0,BU,1379700.0,1355400.0,False,0.0,11:11:42
23000.0,3000,300.0,0.0,BU,1378700.0,1355400.0,False,0.0,11:11:42
23000.0,5000,300.0,0.0,BU,1375700.0,1355400.0,False,0.0,11:11:42
23000.0,2000,300.0,0.0,BU,1370700.0,1355400.0,False,0.0,11:11:42
23000.0,1500,300.0,0.0,BU,1368700.0,1355400.0,False,0.0,11:11:42
23000.0,5400,300.0,0.0,BU,1367200.0,1355400.0,False,0.0,11:11:42
23000.0,4000,300.0,0.0,BU,1361800.0,1355400.0,False,0.0,11:11:42
23000.0,200,300.0,0.0,BU,1357800.0,1355400.0,False,0.0,11:11:42
23000.0,100,300.0,0.0,BU,1357600.0,1355400.0,False,0.0,11:11:42
23000.0,2800,300.0,0.0,BU,1357500.0,1355400.0,False,0.0,11:11:42
23000.0,10000,300.0,0.0,BU,1354700.0,1355400.0,True,0.0,11:11:42
23000.0,300,300.0,0.0,BU,1344700.0,1355400.0,False,0.0,11:11:42
23000.0,3000,300.0,0.0,BU,1344400.0,1355400.0,False,0.0,11:11:42
23000.0,5000,300.0,0.0,BU,1341400.0,1355400.0,False,0.0,11:11:42
23000.0,5000,300.0,0.0,BU,1336400.0,1355400.0,False,0.0,11:11:42
23000.0,200,300.0,0.0,BU,1331400.0,1355400.0,False,0.0,11:11:42
23000.0,1000,300.0,0.0,BU,1331200.0,1355400.0,False,0.0,11:11:42
23000.0,1000,300.0,0.0,BU,1330200.0,1355400.0,False,0.0,11:11:42
23000.0,100,300.0,0.0,BU,1329200.0,1355400.0,False,0.0,11:11:42
23000.0,2000,300.0,0.0,BU,1329100.0,1355400.0,False,50.0,11:11:42
22950.0,400,250.0,0.0,BU,1327100.0,1355400.0,False,50.0,11:11:42
22900.0,400,200.0,0.0,SD,1326700.0,1355400.0,False,0.0,11:11:41
22900.0,600,200.0,0.0,SD,1326700.0,1355000.0,False,-50.0,11:11:30
22950.0,500,250.0,0.0,BU,1326700.0,1354400.0,False,50.0,11:11:22
22900.0,300,200.0,0.0,SD,1326200.0,1354400.0,False,-50.0,11:11:20
22950.0,300,250.0,0.0,BU,1154100.0,1079000.0,False,0.0,10:32:00
22950.0,200,250.0,0.0,BU,1153800.0,1079000.0,False,0.0,10:32:00
22950.0,200,250.0,0.0,BU,1153600.0,1079000.0,False,50.0,10:31:44
22900.0,400,200.0,0.0,SD,1153400.0,1079000.0,False,-50.0,10:31:39
22950.0,700,250.0,0.0,BU,1153400.0,1078600.0,False,50.0,10:31:35
22900.0,200,200.0,0.0,SD,1152700.0,1078600.0,False,0.0,10:31:22
22900.0,100,200.0,0.0,SD,1152700.0,1078400.0,False,0.0,10:31:22
22900.0,500,200.0,0.0,SD,1152700.0,1078300.0,False,0.0,10:31:22
22900.0,200,200.0,0.0,SD,1152700.0,1077800.0,False,-50.0,10:31:22
22950.0,100,250.0,0.0,BU,1152700.0,1077600.0,False,0.0,10:31:19
22950.0,500,250.0,0.0,BU,1152600.0,1077600.0,False,0.0,10:30:46
22950.0,100,250.0,0.0,BU,1152100.0,1077600.0,False,0.0,10:30:38
22950.0,1000,250.0,0.0,BU,1152000.0,1077600.0,False,0.0,10:30:37
22950.0,200,250.0,0.0,BU,1151000.0,1077600.0,False,0.0,10:30:34
22950.0,1000,250.0,0.0,BU,1150800.0,1077600.0,False,50.0,10:30:26
22900.0,300,200.0,0.0,SD,1149800.0,1077600.0,False,-50.0,10:30:12
22950.0,600,250.0,0.0,BU,1149800.0,1077300.0,False,0.0,10:30:12
22950.0,400,250.0,0.0,BU,1149200.0,1077300.0,False,0.0,10:30:11
22950.0,1000,250.0,0.0,BU,1148800.0,1077300.0,False,0.0,10:29:49
22950.0,1100,250.0,0.0,BU,1147800.0,1077300.0,False,0.0,10:29:49
22950.0,500,250.0,0.0,BU,1146700.0,1077300.0,False,0.0,10:29:40
22950.0,8700,250.0,0.0,BU,1146200.0,1077300.0,False,0.0,10:29:16
22950.0,500,250.0,0.0,BU,1137500.0,1077300.0,False,0.0,10:29:16
22950.0,800,250.0,0.0,BU,1137000.0,1077300.0,False,0.0,10:29:16
22950.0,2600,250.0,0.0,BU,1136200.0,1077300.0,False,0.0,10:29:14
22950.0,600,250.0,0.0,BU,1133600.0,1077300.0,False,0.0,10:29:14
22950.0,1000,250.0,0.0,BU,1133000.0,1077300.0,False,0.0,10:29:14
22950.0,800,250.0,0.0,BU,1132000.0,1077300.0,False,0.0,10:29:14
22950.0,500,250.0,0.0,BU,1131200.0,1077300.0,False,0.0,10:29:11
22950.0,1500,250.0,0.0,BU,1130700.0,1077300.0,False,0.0,10:29:11
22950.0,1000,250.0,0.0,BU,1129200.0,1077300.0,False,0.0,10:29:06
22950.0,500,250.0,0.0,BU,1128200.0,1077300.0,False,0.0,10:28:58
22950.0,1000,250.0,0.0,BU,1127700.0,1077300.0,False,50.0,10:28:51
22900.0,100,200.0,0.0,SD,1126700.0,1077300.0,False,0.0,10:28:44
22900.0,100,200.0,0.0,SD,1126700.0,1077200.0,False,0.0,10:28:44
22900.0,2300,200.0,0.0,SD,1126700.0,1077100.0,False,0.0,10:28:29
22900.0,200,200.0,0.0,SD,1126700.0,1074800.0,False,-50.0,10:28:29
22950.0,5000,250.0,0.0,BU,1126700.0,1074600.0,False,0.0,10:28:22
22950.0,1000,250.0,0.0,BU,1121700.0,1074600.0,False,0.0,10:28:05
22950.0,100,250.0,0.0,BU,1120700.0,1074600.0,False,0.0,10:27:59
22950.0,200,250.0,0.0,BU,1120600.0,1074600.0,False,0.0,10:27:59
22950.0,900,250.0,0.0,BU,1120400.0,1074600.0,False,0.0,10:27:36
22950.0,100,250.0,0.0,BU,1119500.0,1074600.0,False,0.0,10:27:36
22950.0,500,250.0,0.0,BU,1119400.0,1074600.0,False,0.0,10:27:36
22950.0,500,250.0,0.0,BU,1118900.0,1074600.0,False,0.0,10:27:36
22950.0,1000,250.0,0.0,BU,1118400.0,1074600.0,False,0.0,10:27:36
22950.0,1000,250.0,0.0,BU,1117400.0,1074600.0,False,0.0,10:27:36
22950.0,500,250.0,0.0,BU,1116400.0,1074600.0,False,0.0,10:27:36
22950.0,1500,250.0,0.0,BU,1115900.0,1074600.0,False,0.0,10:27:36
22950.0,600,250.0,0.0,BU,1114400.0,1074600.0,False,0.0,10:27:36
22950.0,600,250.0,0.0,BU,1113800.0,1074600.0,False,0.0,10:27:36
22950.0,600,250.0,0.0,BU,1113200.0,1074600.0,False,0.0,10:27:36
22950.0,600,250.0,0.0,BU,1112600.0,1074600.0,False,0.0,10:27:36
22950.0,500,250.0,0.0,BU,1112000.0,1074600.0,False,0.0,10:27:36
22950.0,100,250.0,0.0,BU,1111500.0,1074600.0,False,0.0,10:27:36
22950.0,5400,250.0,0.0,BU,1111400.0,1074600.0,False,50.0,10:27:36
22900.0,300,200.0,0.0,SD,1106000.0,1074600.0,False,-50.0,10:27:34
22950.0,600,250.0,0.0,BU,1106000.0,1074300.0,False,0.0,10:27:18
22950.0,200,250.0,0.0,BU,1105400.0,1074300.0,False,0.0,10:27:18
22950.0,200,250.0,0.0,BU,1105200.0,1074300.0,False,0.0,10:27:18
22950.0,2800,250.0,0.0,BU,1105000.0,1074300.0,False,0.0,10:27:12
22950.0,1800,250.0,0.0,BU,1102200.0,1074300.0,False,50.0,10:27:12
22900.0,2500,200.0,0.0,SD,1100400.0,1074300.0,False,0.0,10:27:05
22900.0,300,200.0,0.0,SD,1100400.0,1071800.0,False,0.0,10:27:05
22900.0,500,200.0,0.0,SD,1100400.0,1071500.0,False,0.0,10:27:05
22900.0,1500,200.0,0.0,SD,1100400.0,1071000.0,False,0.0,10:27:05
22900.0,200,200.0,0.0,SD,1100400.0,1069500.0,False,-50.0,10:27:05
22950.0,1000,250.0,0.0,BU,1100400.0,1069300.0,False,0.0,10:26:47
22950.0,1000,250.0,0.0,BU,1099400.0,1069300.0,False,0.0,10:26:39
22950.0,200,250.0,0.0,BU,1098400.0,1069300.0,False,0.0,10:26:36
22950.0,100,250.0,0.0,BU,1098200.0,1069300.0,False,0.0,10:26:36
22950.0,200,250.0,0.0,BU,1098100.0,1069300.0,False,0.0,10:26:36
22950.0,400,250.0,0.0,BU,1097900.0,1069300.0,False,0.0,10:26:33
22950.0,100,250.0,0.0,BU,1097500.0,1069300.0,False,0.0,10:26:33
22950.0,500,250.0,0.0,BU,1097400.0,1069300.0,False,0.0,10:26:33
22950.0,500,250.0,0.0,BU,1096900.0,1069300.0,False,0.0,10:26:33
22950.0,200,250.0,0.0,BU,1096400.0,1069300.0,False,0.0,10:26:29
22950.0,200,250.0,0.0,BU,1096200.0,1069300.0,False,0.0,10:26:29
22950.0,600,250.0,0.0,BU,1096000.0,1069300.0,False,50.0,10:26:29
22900.0,200,200.0,0.0,SD,1095400.0,1069300.0,False,0.0,10:26:06
22900.0,100,200.0,0.0,SD,1095400.0,1069100.0,False,0.0,10:26:05
22900.0,2500,200.0,0.0,SD,1095400.0,1069000.0,False,0.0,10:26:00
22900.0,500,200.0,0.0,SD,1095400.0,1066500.0,False,0.0,10:26:00
22900.0,100,200.0,0.0,SD,1095400.0,1066000.0,False,0.0,10:26:00
22900.0,2500,200.0,0.0,SD,1095400.0,1065900.0,False,0.0,10:26:00
22900.0,4400,200.0,0.0,SD,1095400.0,1063400.0,False,0.0,10:26:00
22900.0,500,200.0,0.0,SD,1095400.0,1059000.0,False,0.0,10:25:37
22900.0,100,200.0,0.0,SD,1095400.0,1058500.0,False,0.0,10:25:28
22900.0,5900,200.0,0.0,SD,1095400.0,1058400.0,False,0.0,10:25:28
22900.0,1000,200.0,0.0,SD,1095400.0,1052500.0,False,0.0,10:25:17
22900.0,400,200.0,0.0,SD,1095400.0,1051500.0,False,0.0,10:25:10
22900.0,1500,200.0,0.0,SD,1095400.0,1051100.0,False,0.0,10:24:59
22900.0,300,200.0,0.0,SD,1095400.0,1049600.0,False,0.0,10:24:55
22900.0,300,200.0,0.0,SD,1095400.0,1049300.0,False,0.0,10:24:55
22900.0,100,200.0,0.0,SD,1095400.0,1049000.0,False,0.0,10:24:39
22900.0,2000,200.0,0.0,SD,1095400.0,1048900.0,False,0.0,10:24:26
22900.0,500,200.0,0.0,SD,1095400.0,1046900.0,False,0.0,10:24:14
22900.0,100,200.0,0.0,SD,1095400.0,1046400.0,False,0.0,10:24:07
22900.0,200,200.0,0.0,SD,1095400.0,1046300.0,False,0.0,10:24:00
22900.0,3000,200.0,0.0,SD,1095400.0,1046100.0,False,0.0,10:23:59
22900.0,1000,200.0,0.0,SD,1095400.0,1043100.0,False,0.0,10:23:59
22900.0,5000,200.0,0.0,SD,1095400.0,1042100.0,False,0.0,10:23:42
22900.0,500,200.0,0.0,SD,1095400.0,1037100.0,False,0.0,10:23:38
22900.0,1000,200.0,0.0,SD,1095400.0,1036600.0,False,0.0,10:23:31
22900.0,100,200.0,0.0,SD,1095400.0,1035600.0,False,0.0,10:23:15
22900.0,1000,200.0,0.0,SD,1095400.0,1035500.0,False,0.0,10:23:11
22900.0,200,200.0,0.0,SD,1095400.0,1034500.0,False,0.0,10:23:08
22900.0,500,200.0,0.0,SD,1095400.0,1034300.0,False,0.0,10:22:55
22900.0,400,200.0,0.0,SD,1095400.0,1033800.0,False,0.0,10:22:48
22900.0,5000,200.0,0.0,SD,1095400.0,1033400.0,False,0.0,10:22:43
22900.0,3900,200.0,0.0,SD,1095400.0,1028400.0,False,0.0,10:22:43
22900.0,600,200.0,0.0,SD,1095400.0,1024500.0,False,0.0,10:22:41
22900.0,500,200.0,0.0,SD,1095400.0,1023900.0,False,0.0,10:22:41
22900.0,4500,200.0,0.0,SD,1095400.0,1023400.0,False,0.0,10:22:41
22900.0,400,200.0,0.0,SD,1095400.0,1018900.0,False,0.0,10:22:22
22900.0,2000,200.0,0.0,SD,1095400.0,1018500.0,False,0.0,10:22:15
22900.0,600,200.0,0.0,SD,1095400.0,1016500.0,False,0.0,10:22:11
22900.0,500,200.0,0.0,SD,1095400.0,1015900.0,False,0.0,10:22:05
22900.0,500,200.0,0.0,SD,1095400.0,1015400.0,False,0.0,10:21:44
22900.0,5000,200.0,0.0,SD,1095400.0,1014900.0,False,0.0,10:21:38
22900.0,500,200.0,0.0,BU,1095400.0,1009900.0,False,0.0,10:21:06
22900.0,600,200.0,0.0,BU,1094900.0,1009900.0,False,0.0,10:21:06
22900.0,2000,200.0,0.0,BU,1094300.0,1009900.0,False,0.0,10:21:06
22900.0,600,200.0,0.0,BU,1092300.0,1009900.0,False,0.0,10:21:06
22900.0,1000,200.0,0.0,BU,1091700.0,1009900.0,False,0.0,10:21:06
22900.0,600,200.0,0.0,BU,1090700.0,1009900.0,False,0.0,10:21:06
22900.0,100,200.0,0.0,BU,1090100.0,1009900.0,False,0.0,10:21:06
22900.0,1100,200.0,0.0,BU,1090000.0,1009900.0,False,0.0,10:21:06
22900.0,1900,200.0,0.0,BU,1088900.0,1009900.0,False,0.0,10:21:05
22900.0,100,200.0,0.0,BU,1087000.0,1009900.0,False,0.0,10:21:05
22900.0,4700,200.0,0.0,BU,1086900.0,1009900.0,False,50.0,10:20:42
22850.0,100,150.0,0.0,SD,1082200.0,1009900.0,False,-50.0,10:20:26
22900.0,100,200.0,0.0,BU,1082200.0,1009800.0,False,0.0,10:20:15
22900.0,400,200.0,0.0,BU,1082100.0,1009800.0,False,0.0,10:20:07
22900.0,3000,200.0,0.0,BU,1081700.0,1009800.0,False,0.0,10:19:46
22900.0,100,200.0,0.0,BU,1078700.0,1009800.0,False,0.0,10:19:37
22900.0,200,200.0,0.0,SD,1078600.0,1009800.0,False,0.0,10:19:17
22900.0,2000,200.0,0.0,SD,1078600.0,1009600.0,False,0.0,10:19:17
22900.0,2000,200.0,0.0,SD,1078600.0,1007600.0,False,0.0,10:19:17
22900.0,1000,200.0,0.0,SD,1078600.0,1005600.0,False,0.0,10:19:17
22900.0,1000,200.0,0.0,SD,1078600.0,1004600.0,False,0.0,10:19:17
22900.0,200,200.0,0.0,SD,1078600.0,1003600.0,False,0.0,10:19:17
22900.0,300,200.0,0.0,SD,1078600.0,1003400.0,False,0.0,10:19:17
22900.0,400,200.0,0.0,SD,1078600.0,1003100.0,False,0.0,10:19:17
22900.0,1000,200.0,0.0,SD,1078600.0,1002700.0,False,0.0,10:19:17
22900.0,100,200.0,0.0,SD,1078600.0,1001700.0,False,0.0,10:19:17
22900.0,300,200.0,0.0,SD,1078600.0,1001600.0,False,0.0,10:19:17
22900.0,200,200.0,0.0,SD,1078600.0,1001300.0,False,0.0,10:19:17
22900.0,500,200.0,0.0,SD,1078600.0,1001100.0,False,0.0,10:19:17
22900.0,200,200.0,0.0,SD,1078600.0,1000600.0,False,0.0,10:19:17
22900.0,2000,200.0,0.0,SD,1078600.0,1000400.0,False,0.0,10:19:17
22900.0,200,200.0,0.0,SD,1078600.0,998400.0,False,0.0,10:19:17
22900.0,100,200.0,0.0,SD,1078600.0,998200.0,False,0.0,10:19:17
22900.0,300,200.0,0.0,SD,1078600.0,998100.0,False,0.0,10:19:17
22900.0,1800,200.0,0.0,SD,1078600.0,997800.0,False,0.0,10:19:17
22900.0,7100,200.0,0.0,SD,1078600.0,996000.0,False,0.0,10:19:17
22900.0,100,200.0,0.0,SD,1078600.0,988900.0,False,0.0,10:19:17
22900.0,100,200.0,0.0,SD,1078600.0,988800.0,False,0.0,10:19:17
22900.0,200,200.0,0.0,SD,1078600.0,988700.0,False,0.0,10:19:17
22900.0,200,200.0,0.0,SD,1078600.0,988500.0,False,0.0,10:19:17
22900.0,500,200.0,0.0,SD,1078600.0,988300.0,False,0.0,10:19:17
22900.0,500,200.0,0.0,SD,1078600.0,987800.0,False,0.0,10:19:17
22900.0,100,200.0,0.0,SD,1078600.0,987300.0,False,0.0,10:19:17
22900.0,9000,200.0,0.0,SD,1078600.0,987200.0,True,0.0,10:19:17
22900.0,1000,200.0,0.0,SD,1078600.0,978200.0,False,0.0,10:19:00
22900.0,500,200.0,0.0,SD,1078600.0,977200.0,False,0.0,10:19:00
22900.0,100,200.0,0.0,SD,1078600.0,976700.0,False,0.0,10:19:00
22900.0,500,200.0,0.0,SD,1078600.0,976600.0,False,0.0,10:19:00
22900.0,200,200.0,0.0,SD,1078600.0,976100.0,False,0.0,10:19:00
22900.0,300,200.0,0.0,SD,1078600.0,975900.0,False,0.0,10:19:00
22900.0,100,200.0,0.0,SD,1078600.0,975600.0,False,0.0,10:19:00
22900.0,5000,200.0,0.0,SD,1078600.0,975500.0,False,0.0,10:19:00
22900.0,100,200.0,0.0,SD,1078600.0,970500.0,False,0.0,10:19:00
22900.0,3300,200.0,0.0,SD,1078600.0,970400.0,False,0.0,10:19:00
22900.0,2200,200.0,0.0,SD,1078600.0,967100.0,False,-50.0,10:18:57
22950.0,100,250.0,0.0,BU,1078600.0,964900.0,False,50.0,10:18:54
22900.0,600,200.0,0.0,SD,1078500.0,964900.0,False,0.0,10:18:43
22900.0,600,200.0,0.0,SD,1078500.0,964300.0,False,0.0,10:18:33
22900.0,600,200.0,0.0,SD,1078500.0,963700.0,False,0.0,10:18:17
22900.0,1000,200.0,0.0,SD,1078500.0,963100.0,False,0.0,10:18:04
22900.0,600,200.0,0.0,SD,1078500.0,962100.0,False,0.0,10:18:04
22900.0,100,200.0,0.0,SD,1078500.0,961500.0,False,0.0,10:17:45
22900.0,500,200.0,0.0,SD,1078500.0,961400.0,False,0.0,10:17:45
22900.0,600,200.0,0.0,SD,1078500.0,960900.0,False,0.0,10:17:36
22900.0,100,200.0,0.0,SD,1078500.0,960300.0,False,-50.0,10:17:36
22950.0,100,250.0,0.0,BU,1078500.0,960200.0,False,50.0,10:17:24
22900.0,100,200.0,0.0,SD,1078400.0,960200.0,False,-50.0,10:17:24
22950.0,100,250.0,0.0,BU,1078400.0,960100.0,False,50.0,10:17:05
22900.0,1500,200.0,0.0,SD,1078300.0,960100.0,False,0.0,10:16:54
22900.0,600,200.0,0.0,SD,1078300.0,958600.0,False,0.0,10:16:40
22900.0,600,200.0,0.0,SD,1078300.0,958000.0,False,0.0,10:16:31
22900.0,7000,200.0,0.0,SD,1078300.0,957400.0,False,0.0,10:16:30
22900.0,600,200.0,0.0,SD,1078300.0,950400.0,False,0.0,10:16:24
22900.0,600,200.0,0.0,SD,1078300.0,949800.0,False,0.0,10:16:14
22900.0,600,200.0,0.0,SD,1078300.0,949200.0,False,0.0,10:16:02
22900.0,600,200.0,0.0,SD,1078300.0,948600.0,False,0.0,10:15:53
22900.0,700,200.0,0.0,SD,1078300.0,948000.0,False,0.0,10:15:50
22900.0,600,200.0,0.0,SD,1078300.0,947300.0,False,0.0,10:15:44
22900.0,100,200.0,0.0,SD,1078300.0,946700.0,False,0.0,10:15:37
22900.0,600,200.0,0.0,SD,1078300.0,946600.0,False,-50.0,10:15:36
22950.0,500,250.0,0.0,BU,1078300.0,946000.0,False,0.0,10:15:34
22950.0,1000,250.0,0.0,BU,1077800.0,946000.0,False,50.0,10:15:34
22900.0,600,200.0,0.0,SD,1076800.0,946000.0,False,0.0,10:15:29
22900.0,100,200.0,0.0,SD,1076800.0,945400.0,False,0.0,10:15:28
22900.0,100,200.0,0.0,SD,1076800.0,945300.0,False,0.0,10:15:15
22900.0,100,200.0,0.0,SD,1076800.0,945200.0,False,0.0,10:15:12
22900.0,800,200.0,0.0,SD,1076800.0,945100.0,False,-50.0,10:15:01
22950.0,400,250.0,0.0,SD,1076800.0,944300.0,False,0.0,10:15:01
22950.0,100,250.0,0.0,SD,1076800.0,943900.0,False,50.0,10:14:43
22900.0,300,200.0,0.0,SD,1076800.0,943800.0,False,0.0,10:14:15
22900.0,1600,200.0,0.0,SD,1076800.0,943500.0,False,-50.0,10:14:14
22950.0,1000,250.0,0.0,SD,1076800.0,941900.0,False,0.0,10:14:14
22950.0,2400,250.0,0.0,SD,1076800.0,940900.0,False,0.0,10:14:14
22950.0,2000,250.0,0.0,SD,1076800.0,938500.0,False,0.0,10:13:46
22950.0,600,250.0,0.0,SD,1076800.0,936500.0,False,0.0,10:13:46
22950.0,3000,250.0,0.0,BU,1076800.0,935900.0,False,0.0,10:13:43
22950.0,1500,250.0,0.0,BU,1073800.0,935900.0,False,0.0,10:13:40
22950.0,100,250.0,0.0,BU,1072300.0,935900.0,False,0.0,10:13:32
22950.0,300,250.0,0.0,BU,1072200.0,935900.0,False,0.0,10:13:32
22950.0,100,250.0,0.0,SD,1071900.0,935900.0,False,0.0,10:13:32
22950.0,100,250.0,0.0,SD,1071900.0,935800.0,False,0.0,10:13:32
22950.0,500,250.0,0.0,SD,1071900.0,935700.0,False,0.0,10:13:32
22950.0,200,250.0,0.0,SD,1071900.0,935200.0,False,0.0,10:13:32
22950.0,100,250.0,0.0,SD,1071900.0,935000.0,False,0.0,10:13:32
22950.0,300,250.0,0.0,SD,1071900.0,934900.0,False,0.0,10:13:32
22950.0,800,250.0,0.0,SD,1071900.0,934600.0,False,0.0,10:13:32
22950.0,500,250.0,0.0,SD,1071900.0,933800.0,False,0.0,10:13:32
22950.0,1000,250.0,0.0,SD,1071900.0,933300.0,False,0.0,10:13:32
22950.0,200,250.0,0.0,SD,1071900.0,932300.0,False,0.0,10:13:32
22950.0,700,250.0,0.0,SD,1071900.0,932100.0,False,0.0,10:13:32
22950.0,300,250.0,0.0,SD,1071900.0,931400.0,False,0.0,10:13:19
22950.0,200,250.0,0.0,SD,1071900.0,931100.0,False,0.0,10:13:19
22950.0,800,250.0,0.0,SD,1071900.0,930900.0,False,0.0,10:13:12
22950.0,1000,250.0,0.0,SD,1071900.0,930100.0,False,0.0,10:13:12
22950.0,500,250.0,0.0,SD,1071900.0,929100.0,False,0.0,10:13:12
22950.0,2700,250.0,0.0,SD,1071900.0,928600.0,False,0.0,10:13:12
22950.0,300,250.0,0.0,SD,1071900.0,925900.0,False,0.0,10:13:02
22950.0,3500,250.0,0.0,SD,1071900.0,925600.0,False,0.0,10:13:02
22950.0,1200,250.0,0.0,SD,1071900.0,922100.0,False,0.0,10:13:02
22950.0,1200,250.0,0.0,SD,1071900.0,920900.0,False,0.0,10:12:54
22950.0,7600,250.0,0.0,SD,1071900.0,919700.0,False,0.0,10:12:50
22950.0,200,250.0,0.0,SD,1071900.0,912100.0,False,0.0,10:12:50
22950.0,2200,250.0,0.0,SD,1071900.0,911900.0,False,0.0,10:12:50
22950.0,600,250.0,0.0,SD,1071900.0,909700.0,False,0.0,10:12:36
22950.0,5000,250.0,0.0,SD,1071900.0,909100.0,False,-50.0,10:12:33
23000.0,300,300.0,0.0,BU,1071900.0,904100.0,False,0.0,10:12:32
23000.0,1500,300.0,0.0,BU,1071600.0,904100.0,False,0.0,10:12:32
23000.0,1200,300.0,0.0,BU,1070100.0,904100.0,False,50.0,10:12:32
22950.0,500,250.0,0.0,SD,1068900.0,904100.0,False,0.0,10:12:31
22950.0,600,250.0,0.0,SD,1068900.0,903600.0,False,0.0,10:11:51
22950.0,200,250.0,0.0,SD,1068900.0,903000.0,False,0.0,10:11:50
22950.0,100,250.0,0.0,SD,1068900.0,902800.0,False,0.0,10:11:46
22950.0,600,250.0,0.0,SD,1068900.0,902700.0,False,0.0,10:11:43
22950.0,2200,250.0,0.0,SD,1068900.0,902100.0,False,0.0,10:11:36
22950.0,800,250.0,0.0,SD,1068900.0,899900.0,False,0.0,10:11:36
22950.0,5000,250.0,0.0,SD,1068900.0,899100.0,False,0.0,10:11:36
22950.0,600,250.0,0.0,SD,1068900.0,894100.0,False,0.0,10:11:33
22950.0,300,250.0,0.0,SD,1068900.0,893500.0,False,0.0,10:11:33
22950.0,200,250.0,0.0,SD,1068900.0,893200.0,False,-50.0,10:11:08
23000.0,800,300.0,0.0,BU,1068900.0,893000.0,False,0.0,10:11:04
23000.0,500,300.0,0.0,BU,1068100.0,893000.0,False,0.0,10:11:04
23000.0,700,300.0,0.0,BU,1067600.0,893000.0,False,0.0,10:11:04
23000.0,500,300.0,0.0,BU,1066900.0,893000.0,False,0.0,10:10:38
23000.0,800,300.0,0.0,BU,1066400.0,893000.0,False,0.0,10:10:22
23000.0,200,300.0,0.0,SD,1065600.0,893000.0,False,0.0,10:10:22
23000.0,300,300.0,0.0,SD,1065600.0,892800.0,False,0.0,10:10:17
23000.0,200,300.0,0.0,SD,1065600.0,892500.0,False,0.0,10:10:14
23000.0,300,300.0,0.0,BU,1065600.0,892300.0,False,0.0,10:10:08
23000.0,100,300.0,0.0,BU,1065300.0,892300.0,False,-50.0,10:10:08
23050.0,1100,350.0,0.0,BU,1065200.0,892300.0,False,0.0,10:09:48
23050.0,1000,350.0,0.0,BU,1064100.0,892300.0,False,0.0,10:09:47
23050.0,100,350.0,0.0,BU,1063100.0,892300.0,False,0.0,10:09:47
23050.0,100,350.0,0.0,BU,1063000.0,892300.0,False,0.0,10:09:47
23050.0,1100,350.0,0.0,BU,1062900.0,892300.0,False,0.0,10:09:47
23050.0,900,350.0,0.0,BU,1061800.0,892300.0,False,0.0,10:09:47
23050.0,10000,350.0,0.0,BU,1060900.0,892300.0,True,0.0,10:09:47
23050.0,2000,350.0,0.0,BU,1050900.0,892300.0,False,0.0,10:09:47
23050.0,1000,350.0,0.0,BU,1048900.0,892300.0,False,0.0,10:09:47
23050.0,100,350.0,0.0,BU,1047900.0,892300.0,False,0.0,10:09:47
23050.0,1000,350.0,0.0,BU,1047800.0,892300.0,False,0.0,10:09:47
23050.0,300,350.0,0.0,BU,1046800.0,892300.0,False,0.0,10:09:47
23050.0,100,350.0,0.0,BU,1046500.0,892300.0,False,0.0,10:09:47
23050.0,1000,350.0,0.0,BU,1046400.0,892300.0,False,0.0,10:09:47
23050.0,100,350.0,0.0,BU,1045400.0,892300.0,False,0.0,10:09:47
23050.0,800,350.0,0.0,BU,1045300.0,892300.0,False,0.0,10:09:47
23050.0,2800,350.0,0.0,BU,1044500.0,892300.0,False,0.0,10:09:47
23050.0,7000,350.0,0.0,BU,1041700.0,892300.0,False,50.0,10:09:47
23000.0,1300,300.0,0.0,BU,1034700.0,892300.0,False,0.0,10:09:47
23000.0,300,300.0,0.0,SD,1033400.0,892300.0,False,0.0,10:09:45
23000.0,100,300.0,0.0,SD,1033400.0,892000.0,False,0.0,10:09:45
23000.0,200,300.0,0.0,SD,1033400.0,891900.0,False,0.0,10:09:45
23000.0,100,300.0,0.0,SD,1033400.0,891700.0,False,0.0,10:09:45
23000.0,2600,300.0,0.0,SD,1033400.0,891600.0,False,0.0,10:09:45
23000.0,400,300.0,0.0,SD,1033400.0,889000.0,False,0.0,10:09:45
23000.0,100,300.0,0.0,SD,1033400.0,888600.0,False,0.0,10:09:43
23000.0,100,300.0,0.0,SD,1033400.0,888500.0,False,0.0,10:09:43
23000.0,800,300.0,0.0,SD,1033400.0,888400.0,False,0.0,10:09:43
23000.0,500,300.0,0.0,SD,1033400.0,887600.0,False,0.0,10:09:41
23000.0,100,300.0,0.0,SD,1033400.0,887100.0,False,0.0,10:09:39
23000.0,300,300.0,0.0,SD,1033400.0,887000.0,False,0.0,10:09:38
23000.0,1300,300.0,0.0,SD,1033400.0,886700.0,False,0.0,10:09:36
23000.0,1000,300.0,0.0,SD,1033400.0,885400.0,False,0.0,10:09:36
23000.0,2700,300.0,0.0,SD,1033400.0,884400.0,False,0.0,10:09:36
23000.0,300,300.0,0.0,SD,1033400.0,881700.0,False,0.0,10:09:13
23000.0,200,300.0,0.0,SD,1033400.0,881400.0,False,0.0,10:09:13
23000.0,200,300.0,0.0,SD,1033400.0,881200.0,False,0.0,10:09:07
23000.0,300,300.0,0.0,SD,1033400.0,881000.0,False,0.0,10:09:04
23000.0,6300,300.0,0.0,SD,1033400.0,880700.0,False,0.0,10:09:00
23000.0,500,300.0,0.0,SD,1033400.0,874400.0,False,0.0,10:09:00
23000.0,100,300.0,0.0,SD,1033400.0,873900.0,False,0.0,10:09:00
23000.0,200,300.0,0.0,SD,1033400.0,873800.0,False,0.0,10:09:00
23000.0,500,300.0,0.0,SD,1033400.0,873600.0,False,0.0,10:09:00
23000.0,200,300.0,0.0,SD,1033400.0,873100.0,False,0.0,10:09:00
23000.0,100,300.0,0.0,SD,1033400.0,872900.0,False,0.0,10:09:00
23000.0,5000,300.0,0.0,SD,1033400.0,872800.0,False,0.0,10:09:00
23000.0,100,300.0,0.0,SD,1033400.0,867800.0,False,0.0,10:09:00
23000.0,500,300.0,0.0,SD,1033400.0,867700.0,False,0.0,10:09:00
23000.0,10000,300.0,0.0,SD,1033400.0,867200.0,True,0.0,10:09:00
23000.0,5000,300.0,0.0,SD,1033400.0,857200.0,False,0.0,10:09:00
23000.0,2000,300.0,0.0,SD,1033400.0,852200.0,False,0.0,10:09:00
23000.0,300,300.0,0.0,SD,1033400.0,850200.0,False,0.0,10:09:00
23000.0,300,300.0,0.0,SD,1033400.0,849900.0,False,0.0,10:09:00
23000.0,1200,300.0,0.0,SD,1033400.0,849600.0,False,0.0,10:09:00
23000.0,700,300.0,0.0,SD,1033400.0,848400.0,False,0.0,10:09:00
23000.0,100,300.0,0.0,SD,1033400.0,847700.0,False,0.0,10:09:00
23000.0,200,300.0,0.0,SD,1033400.0,847600.0,False,0.0,10:09:00
23000.0,1000,300.0,0.0,SD,1033400.0,847400.0,False,0.0,10:09:00
23000.0,5700,300.0,0.0,SD,1033400.0,846400.0,False,0.0,10:09:00
23000.0,200,300.0,0.0,SD,1033400.0,840700.0,False,0.0,10:08:58
23000.0,500,300.0,0.0,SD,1033400.0,840500.0,False,0.0,10:08:58
23000.0,300,300.0,0.0,SD,1033400.0,840000.0,False,0.0,10:08:57
23000.0,1000,300.0,0.0,SD,1033400.0,839700.0,False,-50.0,10:08:44
23050.0,200,350.0,0.0,BU,1033400.0,838700.0,False,50.0,10:08:35
23000.0,500,300.0,0.0,SD,1033200.0,838700.0,False,-50.0,10:08:32
23050.0,200,350.0,0.0,BU,1033200.0,838200.0,False,50.0,10:08:30
23000.0,1000,300.0,0.0,SD,1033000.0,838200.0,False,0.0,10:08:27
23000.0,300,300.0,0.0,SD,1033000.0,837200.0,False,0.0,10:08:26
23000.0,100,300.0,0.0,SD,1033000.0,836900.0,False,0.0,10:08:23
23000.0,400,300.0,0.0,SD,1033000.0,836800.0,False,0.0,10:08:23
23000.0,200,300.0,0.0,SD,1033000.0,836400.0,False,0.0,10:08:23
23000.0,300,300.0,0.0,SD,1033000.0,836200.0,False,0.0,10:08:23
23000.0,300,300.0,0.0,SD,1033000.0,835900.0,False,0.0,10:08:23
23000.0,1300,300.0,0.0,SD,1033000.0,835600.0,False,0.0,10:08:23
23000.0,1000,300.0,0.0,SD,1033000.0,834300.0,False,0.0,10:08:18
23000.0,300,300.0,0.0,SD,1033000.0,833300.0,False,0.0,10:08:17
23000.0,400,300.0,0.0,SD,1033000.0,833000.0,False,0.0,10:08:16
23000.0,100,300.0,0.0,SD,1033000.0,832600.0,False,0.0,10:08:16
23000.0,300,300.0,0.0,SD,1033000.0,832500.0,False,0.0,10:08:10
23000.0,300,300.0,0.0,SD,1033000.0,832200.0,False,0.0,10:07:59
23000.0,300,300.0,0.0,SD,1033000.0,831900.0,False,-50.0,10:07:51
23050.0,1000,350.0,0.0,BU,1033000.0,831600.0,False,50.0,10:07:44
23000.0,300,300.0,0.0,SD,1032000.0,831600.0,False,0.0,10:07:44
23000.0,300,300.0,0.0,SD,1032000.0,831300.0,False,0.0,10:07:37
23000.0,100,300.0,0.0,SD,1032000.0,831000.0,False,0.0,10:07:34
23000.0,300,300.0,0.0,SD,1032000.0,830900.0,False,0.0,10:07:31
23000.0,600,300.0,0.0,SD,1032000.0,830600.0,False,0.0,10:07:27
23000.0,100,300.0,0.0,SD,1032000.0,830000.0,False,0.0,10:07:27
23000.0,1000,300.0,0.0,SD,1032000.0,829900.0,False,0.0,10:07:26
23000.0,300,300.0,0.0,SD,1032000.0,828900.0,False,0.0,10:07:24
23000.0,1000,300.0,0.0,SD,1032000.0,828600.0,False,0.0,10:07:21
23000.0,300,300.0,0.0,SD,1032000.0,827600.0,False,0.0,10:07:17
23000.0,300,300.0,0.0,SD,1032000.0,827300.0,False,0.0,10:07:11
23000.0,500,300.0,0.0,SD,1032000.0,827000.0,False,0.0,10:07:10
23000.0,500,300.0,0.0,SD,1032000.0,826500.0,False,-50.0,10:07:08
23050.0,500,350.0,0.0,SD,1032000.0,826000.0,False,0.0,10:07:07
23050.0,100,350.0,0.0,SD,1032000.0,825500.0,False,0.0,10:07:07
23050.0,200,350.0,0.0,SD,1032000.0,825400.0,False,0.0,10:07:07
23050.0,300,350.0,0.0,SD,1032000.0,825200.0,False,0.0,10:07:07
23050.0,5000,350.0,0.0,SD,1032000.0,824900.0,False,0.0,10:07:07
23050.0,500,350.0,0.0,SD,1032000.0,819900.0,False,0.0,10:07:07
23050.0,1000,350.0,0.0,SD,1032000.0,819400.0,False,0.0,10:07:07
23050.0,300,350.0,0.0,SD,1032000.0,818400.0,False,0.0,10:07:05
23050.0,1000,350.0,0.0,SD,1032000.0,818100.0,False,0.0,10:07:00
23050.0,10000,350.0,0.0,SD,1032000.0,817100.0,True,0.0,10:06:58
23050.0,300,350.0,0.0,SD,1032000.0,807100.0,False,0.0,10:06:57
23050.0,1300,350.0,0.0,SD,1032000.0,806800.0,False,0.0,10:06:53
23050.0,300,350.0,0.0,SD,1032000.0,805500.0,False,0.0,10:06:50
23050.0,800,350.0,0.0,SD,1032000.0,805200.0,False,0.0,10:06:50
23050.0,100,350.0,0.0,SD,1032000.0,804400.0,False,0.0,10:06:50
23050.0,400,350.0,0.0,SD,1032000.0,804300.0,False,0.0,10:06:46
23050.0,4600,350.0,0.0,SD,1032000.0,803900.0,False,0.0,10:06:46
23050.0,100,350.0,0.0,SD,1032000.0,799300.0,False,0.0,10:06:45
23050.0,1000,350.0,0.0,SD,1032000.0,799200.0,False,0.0,10:06:42
23050.0,3000,350.0,0.0,SD,1032000.0,798200.0,False,0.0,10:06:40
23050.0,200,350.0,0.0,SD,1032000.0,795200.0,False,0.0,10:06:40
23050.0,500,350.0,0.0,SD,1032000.0,795000.0,False,0.0,10:06:38
23050.0,500,350.0,0.0,SD,1032000.0,794500.0,False,0.0,10:06:34
23050.0,1000,350.0,0.0,SD,1032000.0,794000.0,False,0.0,10:06:33
23050.0,100,350.0,0.0,SD,1032000.0,793000.0,False,0.0,10:06:33
23050.0,600,350.0,0.0,SD,1032000.0,792900.0,False,0.0,10:06:33
23050.0,100,350.0,0.0,SD,1032000.0,792300.0,False,0.0,10:06:33
23050.0,500,350.0,0.0,SD,1032000.0,792200.0,False,0.0,10:06:33
23050.0,2000,350.0,0.0,SD,1032000.0,791700.0,False,0.0,10:06:33
23050.0,200,350.0,0.0,SD,1032000.0,789700.0,False,0.0,10:06:33
23050.0,500,350.0,0.0,SD,1032000.0,789500.0,False,0.0,10:06:33
23050.0,500,350.0,0.0,SD,1032000.0,789000.0,False,0.0,10:06:33
23050.0,500,350.0,0.0,SD,1032000.0,788500.0,False,0.0,10:06:33
23050.0,2000,350.0,0.0,SD,1032000.0,788000.0,False,0.0,10:06:33
23050.0,2000,350.0,0.0,SD,1032000.0,786000.0,False,0.0,10:06:33
23050.0,600,350.0,0.0,SD,1032000.0,784000.0,False,0.0,10:06:29
22950.0,1000,250.0,0.0,BU,1118400.0,1074600.0,False,0.0,10:27:36
22950.0,1000,250.0,0.0,BU,1117400.0,1074600.0,False,0.0,10:27:36
22950.0,500,250.0,0.0,BU,1116400.0,1074600.0,False,0.0,10:27:36
22950.0,1500,250.0,0.0,BU,1115900.0,1074600.0,False,0.0,10:27:36
22950.0,600,250.0,0.0,BU,1114400.0,1074600.0,False,0.0,10:27:36
22950.0,600,250.0,0.0,BU,1113800.0,1074600.0,False,0.0,10:27:36
22950.0,600,250.0,0.0,BU,1113200.0,1074600.0,False,0.0,10:27:36
22950.0,600,250.0,0.0,BU,1112600.0,1074600.0,False,0.0,10:27:36
22950.0,500,250.0,0.0,BU,1112000.0,1074600.0,False,0.0,10:27:36
22950.0,100,250.0,0.0,BU,1111500.0,1074600.0,False,0.0,10:27:36
22950.0,5400,250.0,0.0,BU,1111400.0,1074600.0,False,50.0,10:27:36
22900.0,300,200.0,0.0,SD,1106000.0,1074600.0,False,-50.0,10:27:34
22950.0,600,250.0,0.0,BU,1106000.0,1074300.0,False,0.0,10:27:18
22950.0,200,250.0,0.0,BU,1105400.0,1074300.0,False,0.0,10:27:18
22950.0,200,250.0,0.0,BU,1105200.0,1074300.0,False,0.0,10:27:18
22950.0,2800,250.0,0.0,BU,1105000.0,1074300.0,False,0.0,10:27:12
22950.0,1800,250.0,0.0,BU,1102200.0,1074300.0,False,50.0,10:27:12
22900.0,2500,200.0,0.0,SD,1100400.0,1074300.0,False,0.0,10:27:05
22900.0,300,200.0,0.0,SD,1100400.0,1071800.0,False,0.0,10:27:05
22900.0,500,200.0,0.0,SD,1100400.0,1071500.0,False,0.0,10:27:05
22900.0,1500,200.0,0.0,SD,1100400.0,1071000.0,False,0.0,10:27:05
22900.0,200,200.0,0.0,SD,1100400.0,1069500.0,False,-50.0,10:27:05
22950.0,1000,250.0,0.0,BU,1100400.0,1069300.0,False,0.0,10:26:47
22950.0,1000,250.0,0.0,BU,1099400.0,1069300.0,False,0.0,10:26:39
22950.0,200,250.0,0.0,BU,1098400.0,1069300.0,False,0.0,10:26:36
22950.0,100,250.0,0.0,BU,1098200.0,1069300.0,False,0.0,10:26:36
22950.0,200,250.0,0.0,BU,1098100.0,1069300.0,False,0.0,10:26:36
22950.0,400,250.0,0.0,BU,1097900.0,1069300.0,False,0.0,10:26:33
22950.0,100,250.0,0.0,BU,1097500.0,1069300.0,False,0.0,10:26:33
22950.0,500,250.0,0.0,BU,1097400.0,1069300.0,False,0.0,10:26:33
22950.0,500,250.0,0.0,BU,1096900.0,1069300.0,False,0.0,10:26:33
22950.0,200,250.0,0.0,BU,1096400.0,1069300.0,False,0.0,10:26:29
22950.0,200,250.0,0.0,BU,1096200.0,1069300.0,False,0.0,10:26:29
22950.0,600,250.0,0.0,BU,1096000.0,1069300.0,False,50.0,10:26:29
22900.0,200,200.0,0.0,SD,1095400.0,1069300.0,False,0.0,10:26:06
22900.0,100,200.0,0.0,SD,1095400.0,1069100.0,False,0.0,10:26:05
22900.0,2500,200.0,0.0,SD,1095400.0,1069000.0,False,0.0,10:26:00
22900.0,500,200.0,0.0,SD,1095400.0,1066500.0,False,0.0,10:26:00
22900.0,100,200.0,0.0,SD,1095400.0,1066000.0,False,0.0,10:26:00
22900.0,2500,200.0,0.0,SD,1095400.0,1065900.0,False,0.0,10:26:00
22900.0,4400,200.0,0.0,SD,1095400.0,1063400.0,False,0.0,10:26:00
22900.0,500,200.0,0.0,SD,1095400.0,1059000.0,False,0.0,10:25:37
22900.0,100,200.0,0.0,SD,1095400.0,1058500.0,False,0.0,10:25:28
22900.0,5900,200.0,0.0,SD,1095400.0,1058400.0,False,0.0,10:25:28
22900.0,1000,200.0,0.0,SD,1095400.0,1052500.0,False,0.0,10:25:17
22900.0,400,200.0,0.0,SD,1095400.0,1051500.0,False,0.0,10:25:10
22900.0,1500,200.0,0.0,SD,1095400.0,1051100.0,False,0.0,10:24:59
22900.0,300,200.0,0.0,SD,1095400.0,1049600.0,False,0.0,10:24:55
22900.0,300,200.0,0.0,SD,1095400.0,1049300.0,False,0.0,10:24:55
22900.0,100,200.0,0.0,SD,1095400.0,1049000.0,False,0.0,10:24:39
22900.0,2000,200.0,0.0,SD,1095400.0,1048900.0,False,0.0,10:24:26
22900.0,500,200.0,0.0,SD,1095400.0,1046900.0,False,0.0,10:24:14
22900.0,100,200.0,0.0,SD,1095400.0,1046400.0,False,0.0,10:24:07
22900.0,200,200.0,0.0,SD,1095400.0,1046300.0,False,0.0,10:24:00
22900.0,3000,200.0,0.0,SD,1095400.0,1046100.0,False,0.0,10:23:59
22900.0,1000,200.0,0.0,SD,1095400.0,1043100.0,False,0.0,10:23:59
22900.0,5000,200.0,0.0,SD,1095400.0,1042100.0,False,0.0,10:23:42
22900.0,500,200.0,0.0,SD,1095400.0,1037100.0,False,0.0,10:23:38
22900.0,1000,200.0,0.0,SD,1095400.0,1036600.0,False,0.0,10:23:31
22900.0,100,200.0,0.0,SD,1095400.0,1035600.0,False,0.0,10:23:15
22900.0,1000,200.0,0.0,SD,1095400.0,1035500.0,False,0.0,10:23:11
22900.0,200,200.0,0.0,SD,1095400.0,1034500.0,False,0.0,10:23:08
22900.0,500,200.0,0.0,SD,1095400.0,1034300.0,False,0.0,10:22:55
22900.0,400,200.0,0.0,SD,1095400.0,1033800.0,False,0.0,10:22:48
22900.0,5000,200.0,0.0,SD,1095400.0,1033400.0,False,0.0,10:22:43
22900.0,3900,200.0,0.0,SD,1095400.0,1028400.0,False,0.0,10:22:43
22900.0,600,200.0,0.0,SD,1095400.0,1024500.0,False,0.0,10:22:41
22900.0,500,200.0,0.0,SD,1095400.0,1023900.0,False,0.0,10:22:41
22900.0,4500,200.0,0.0,SD,1095400.0,1023400.0,False,0.0,10:22:41
22900.0,400,200.0,0.0,SD,1095400.0,1018900.0,False,0.0,10:22:22
22900.0,2000,200.0,0.0,SD,1095400.0,1018500.0,False,0.0,10:22:15
22900.0,600,200.0,0.0,SD,1095400.0,1016500.0,False,0.0,10:22:11
22900.0,500,200.0,0.0,SD,1095400.0,1015900.0,False,0.0,10:22:05
22900.0,500,200.0,0.0,SD,1095400.0,1015400.0,False,0.0,10:21:44
22900.0,5000,200.0,0.0,SD,1095400.0,1014900.0,False,0.0,10:21:38
22900.0,500,200.0,0.0,BU,1095400.0,1009900.0,False,0.0,10:21:06
22900.0,600,200.0,0.0,BU,1094900.0,1009900.0,False,0.0,10:21:06
22900.0,2000,200.0,0.0,BU,1094300.0,1009900.0,False,0.0,10:21:06
22900.0,600,200.0,0.0,BU,1092300.0,1009900.0,False,0.0,10:21:06
22900.0,1000,200.0,0.0,BU,1091700.0,1009900.0,False,0.0,10:21:06
22900.0,600,200.0,0.0,BU,1090700.0,1009900.0,False,0.0,10:21:06
22900.0,100,200.0,0.0,BU,1090100.0,1009900.0,False,0.0,10:21:06
22900.0,1100,200.0,0.0,BU,1090000.0,1009900.0,False,0.0,10:21:06
22900.0,1900,200.0,0.0,BU,1088900.0,1009900.0,False,0.0,10:21:05
22900.0,100,200.0,0.0,BU,1087000.0,1009900.0,False,0.0,10:21:05
22900.0,4700,200.0,0.0,BU,1086900.0,1009900.0,False,50.0,10:20:42
22850.0,100,150.0,0.0,SD,1082200.0,1009900.0,False,-50.0,10:20:26
22900.0,100,200.0,0.0,BU,1082200.0,1009800.0,False,0.0,10:20:15
22900.0,400,200.0,0.0,BU,1082100.0,1009800.0,False,0.0,10:20:07
22900.0,3000,200.0,0.0,BU,1081700.0,1009800.0,False,0.0,10:19:46
22900.0,100,200.0,0.0,BU,1078700.0,1009800.0,False,0.0,10:19:37
22900.0,200,200.0,0.0,SD,1078600.0,1009800.0,False,0.0,10:19:17
22900.0,2000,200.0,0.0,SD,1078600.0,1009600.0,False,0.0,10:19:17
22900.0,2000,200.0,0.0,SD,1078600.0,1007600.0,False,0.0,10:19:17
22900.0,1000,200.0,0.0,SD,1078600.0,1005600.0,False,0.0,10:19:17
22900.0,1000,200.0,0.0,SD,1078600.0,1004600.0,False,0.0,10:19:17
22900.0,200,200.0,0.0,SD,1078600.0,1003600.0,False,0.0,10:19:17
22900.0,300,200.0,0.0,SD,1078600.0,1003400.0,False,0.0,10:19:17
22900.0,400,200.0,0.0,SD,1078600.0,1003100.0,False,0.0,10:19:17
22900.0,1000,200.0,0.0,SD,1078600.0,1002700.0,False,0.0,10:19:17
23050.0,200,350.0,0.0,SD,1001900.0,695600.0,False,0.0,09:57:36
23050.0,500,350.0,0.0,SD,1001900.0,695400.0,False,0.0,09:57:36
23050.0,100,350.0,0.0,SD,1001900.0,694900.0,False,0.0,09:57:36
23050.0,100,350.0,0.0,SD,1001900.0,694800.0,False,0.0,09:57:36
23050.0,1400,350.0,0.0,SD,1001900.0,694700.0,False,0.0,09:57:36
23050.0,400,350.0,0.0,SD,1001900.0,693300.0,False,0.0,09:56:53
23050.0,700,350.0,0.0,SD,1001900.0,692900.0,False,-50.0,09:56:32
23100.0,300,400.0,0.0,BU,1001900.0,692200.0,False,0.0,09:56:22
23100.0,1500,400.0,0.0,BU,1001600.0,692200.0,False,0.0,09:56:14
23100.0,400,400.0,0.0,BU,1000100.0,692200.0,False,0.0,09:56:14
23100.0,100,400.0,0.0,BU,999700.0,692200.0,False,0.0,09:56:14
23100.0,700,400.0,0.0,BU,999600.0,692200.0,False,0.0,09:56:14
23100.0,5000,400.0,0.0,BU,998900.0,692200.0,False,0.0,09:56:14
23100.0,200,400.0,0.0,BU,993900.0,692200.0,False,0.0,09:56:14
23100.0,300,400.0,0.0,BU,993700.0,692200.0,False,0.0,09:56:14
23100.0,1300,400.0,0.0,BU,993400.0,692200.0,False,0.0,09:56:14
23100.0,500,400.0,0.0,BU,992100.0,692200.0,False,0.0,09:56:14
23100.0,300,400.0,0.0,BU,991600.0,692200.0,False,0.0,09:55:58
23100.0,1000,400.0,0.0,BU,991300.0,692200.0,False,0.0,09:55:37
23100.0,1000,400.0,0.0,BU,990300.0,692200.0,False,0.0,09:55:07
23100.0,1000,400.0,0.0,BU,989300.0,692200.0,False,0.0,09:54:57
23100.0,1000,400.0,0.0,BU,988300.0,692200.0,False,0.0,09:54:36
23100.0,8000,400.0,0.0,BU,987300.0,692200.0,False,50.0,09:54:35
23050.0,500,350.0,0.0,SD,979300.0,692200.0,False,-50.0,09:54:25
23100.0,500,400.0,0.0,BU,979300.0,691700.0,False,0.0,09:54:14
23100.0,1000,400.0,0.0,BU,978800.0,691700.0,False,0.0,09:54:12
23100.0,900,400.0,0.0,BU,977800.0,691700.0,False,0.0,09:54:09
23100.0,9300,400.0,0.0,BU,976900.0,691700.0,True,0.0,09:54:04
23100.0,100,400.0,0.0,BU,967600.0,691700.0,False,0.0,09:53:49
23100.0,1100,400.0,0.0,BU,967500.0,691700.0,False,0.0,09:53:49
23100.0,300,400.0,0.0,BU,966400.0,691700.0,False,0.0,09:53:49
23100.0,2000,400.0,0.0,BU,966100.0,691700.0,False,0.0,09:53:49
23100.0,100,400.0,0.0,BU,964100.0,691700.0,False,0.0,09:53:49
23100.0,1000,400.0,0.0,BU,964000.0,691700.0,False,0.0,09:53:49
23100.0,600,400.0,0.0,BU,963000.0,691700.0,False,0.0,09:53:49
23100.0,2000,400.0,0.0,BU,962400.0,691700.0,False,0.0,09:53:49
23100.0,5000,400.0,0.0,BU,960400.0,691700.0,False,0.0,09:53:49
23100.0,300,400.0,0.0,BU,955400.0,691700.0,False,0.0,09:53:49
23100.0,100,400.0,0.0,BU,955100.0,691700.0,False,0.0,09:53:49
23100.0,200,400.0,0.0,BU,955000.0,691700.0,False,0.0,09:53:49
23100.0,500,400.0,0.0,BU,954800.0,691700.0,False,-50.0,09:53:49
23150.0,500,450.0,0.0,BU,954300.0,691700.0,False,0.0,09:53:48
23150.0,1000,450.0,0.0,BU,953800.0,691700.0,False,0.0,09:53:47
23150.0,100,450.0,0.0,BU,952800.0,691700.0,False,0.0,09:53:24
23150.0,7300,450.0,0.0,BU,952700.0,691700.0,False,0.0,09:53:05
23150.0,500,450.0,0.0,BU,945400.0,691700.0,False,0.0,09:53:05
23150.0,1000,450.0,0.0,BU,944900.0,691700.0,False,0.0,09:53:05
23150.0,1000,450.0,0.0,BU,943900.0,691700.0,False,0.0,09:53:05
23150.0,200,450.0,0.0,BU,942900.0,691700.0,False,0.0,09:53:05
23150.0,500,450.0,0.0,BU,942700.0,691700.0,False,0.0,09:53:05
23150.0,2000,450.0,0.0,BU,942200.0,691700.0,False,0.0,09:53:05
23150.0,2500,450.0,0.0,BU,940200.0,691700.0,False,0.0,09:53:05
23150.0,2500,450.0,0.0,BU,937700.0,691700.0,False,0.0,09:53:01
23150.0,100,450.0,0.0,BU,935200.0,691700.0,False,0.0,09:53:01
23150.0,300,450.0,0.0,BU,935100.0,691700.0,False,0.0,09:53:01
23150.0,100,450.0,0.0,BU,934800.0,691700.0,False,0.0,09:53:01
23150.0,100,450.0,0.0,BU,934700.0,691700.0,False,0.0,09:52:56
23150.0,600,450.0,0.0,BU,934600.0,691700.0,False,0.0,09:52:56
23150.0,1000,450.0,0.0,BU,934000.0,691700.0,False,0.0,09:52:53
23150.0,400,450.0,0.0,BU,933000.0,691700.0,False,0.0,09:52:53
23150.0,300,450.0,0.0,BU,932600.0,691700.0,False,0.0,09:52:53
23150.0,2000,450.0,0.0,BU,932300.0,691700.0,False,0.0,09:52:53
23150.0,2300,450.0,0.0,BU,930300.0,691700.0,False,0.0,09:52:53
23150.0,600,450.0,0.0,BU,928000.0,691700.0,False,0.0,09:52:53
23150.0,200,450.0,0.0,BU,927400.0,691700.0,False,0.0,09:52:53
23150.0,3200,450.0,0.0,BU,927200.0,691700.0,False,0.0,09:52:53
23150.0,700,450.0,0.0,BU,924000.0,691700.0,False,0.0,09:52:32
23150.0,500,450.0,0.0,BU,923300.0,691700.0,False,0.0,09:52:32
23150.0,100,450.0,0.0,BU,922800.0,691700.0,False,0.0,09:52:32
23150.0,200,450.0,0.0,BU,922700.0,691700.0,False,0.0,09:52:32
23150.0,1000,450.0,0.0,BU,922500.0,691700.0,False,0.0,09:52:32
23150.0,300,450.0,0.0,BU,921500.0,691700.0,False,0.0,09:52:32
23150.0,100,450.0,0.0,BU,921200.0,691700.0,False,0.0,09:52:32
23150.0,2100,450.0,0.0,BU,921100.0,691700.0,False,50.0,09:52:32
23100.0,100,400.0,0.0,SD,919000.0,691700.0,False,0.0,09:52:23
23100.0,100,400.0,0.0,SD,919000.0,691600.0,False,0.0,09:52:12
23100.0,200,400.0,0.0,SD,919000.0,691500.0,False,0.0,09:52:03
23100.0,100,400.0,0.0,SD,919000.0,691300.0,False,0.0,09:51:58
23100.0,100,400.0,0.0,SD,919000.0,691200.0,False,0.0,09:51:58
23100.0,500,400.0,0.0,SD,919000.0,691100.0,False,-50.0,09:51:56
23150.0,200,450.0,0.0,BU,919000.0,690600.0,False,50.0,09:51:53
23100.0,2000,400.0,0.0,SD,918800.0,690600.0,False,0.0,09:51:51
23100.0,100,400.0,0.0,SD,918800.0,688600.0,False,0.0,09:51:49
23100.0,1000,400.0,0.0,SD,918800.0,688500.0,False,0.0,09:51:46
23100.0,2000,400.0,0.0,SD,918800.0,687500.0,False,0.0,09:51:45
23100.0,2000,400.0,0.0,SD,918800.0,685500.0,False,0.0,09:51:38
23100.0,6500,400.0,0.0,SD,918800.0,683500.0,False,0.0,09:51:32
23100.0,2000,400.0,0.0,SD,918800.0,677000.0,False,0.0,09:51:26
23100.0,400,400.0,0.0,SD,918800.0,675000.0,False,0.0,09:51:25
23100.0,1000,400.0,0.0,BU,918800.0,674600.0,False,0.0,09:51:24
23100.0,2400,400.0,0.0,BU,917800.0,674600.0,False,0.0,09:51:24
23100.0,1000,400.0,0.0,BU,915400.0,674600.0,False,0.0,09:51:08
23100.0,2400,400.0,0.0,SD,914400.0,674600.0,False,0.0,09:51:08
23100.0,7600,400.0,0.0,SD,914400.0,672200.0,False,0.0,09:51:04
23100.0,400,400.0,0.0,SD,914400.0,664600.0,False,0.0,09:51:04
23100.0,1000,400.0,0.0,SD,914400.0,664200.0,False,0.0,09:51:03
23100.0,500,400.0,0.0,SD,914400.0,663200.0,False,0.0,09:50:52
23100.0,1000,400.0,0.0,BU,914400.0,662700.0,False,0.0,09:50:44
23100.0,1400,400.0,0.0,BU,913400.0,662700.0,False,0.0,09:50:44
23100.0,700,400.0,0.0,BU,912000.0,662700.0,False,0.0,09:50:43
23100.0,300,400.0,0.0,BU,911300.0,662700.0,False,0.0,09:50:41
23100.0,500,400.0,0.0,SD,911000.0,662700.0,False,0.0,09:50:33
23100.0,3000,400.0,0.0,SD,911000.0,662200.0,False,0.0,09:50:33
23100.0,500,400.0,0.0,SD,911000.0,659200.0,False,0.0,09:50:33
23100.0,500,400.0,0.0,SD,911000.0,658700.0,False,0.0,09:50:33
23100.0,1000,400.0,0.0,SD,911000.0,658200.0,False,0.0,09:50:32
23100.0,200,400.0,0.0,SD,911000.0,657200.0,False,0.0,09:50:32
23100.0,300,400.0,0.0,SD,911000.0,657000.0,False,0.0,09:50:32
23100.0,100,400.0,0.0,SD,911000.0,656700.0,False,0.0,09:50:32
23100.0,1000,400.0,0.0,SD,911000.0,656600.0,False,0.0,09:50:32
23100.0,500,400.0,0.0,SD,911000.0,655600.0,False,0.0,09:50:32
23100.0,100,400.0,0.0,SD,911000.0,655100.0,False,0.0,09:50:25
23100.0,200,400.0,0.0,SD,911000.0,655000.0,False,-50.0,09:50:14
23150.0,200,450.0,0.0,BU,911000.0,654800.0,False,0.0,09:50:14
23150.0,2000,450.0,0.0,BU,910800.0,654800.0,False,0.0,09:50:14
23150.0,900,450.0,0.0,BU,908800.0,654800.0,False,0.0,09:50:14
23150.0,600,450.0,0.0,BU,907900.0,654800.0,False,0.0,09:50:12
23150.0,1900,450.0,0.0,BU,907300.0,654800.0,False,0.0,09:50:09
23150.0,2000,450.0,0.0,BU,905400.0,654800.0,False,0.0,09:50:09
23150.0,100,450.0,0.0,BU,903400.0,654800.0,False,0.0,09:50:09
23150.0,400,450.0,0.0,SD,903300.0,654800.0,False,0.0,09:49:59
23150.0,100,450.0,0.0,SD,903300.0,654400.0,False,0.0,09:49:59
23150.0,9400,450.0,0.0,SD,903300.0,654300.0,True,0.0,09:49:59
23150.0,100,450.0,0.0,SD,903300.0,644900.0,False,0.0,09:49:56
23150.0,2000,450.0,0.0,SD,903300.0,644800.0,False,0.0,09:49:54
23150.0,8500,450.0,0.0,BU,903300.0,642800.0,False,0.0,09:49:32
23150.0,2000,450.0,0.0,BU,894800.0,642800.0,False,0.0,09:49:30
23150.0,5700,450.0,0.0,BU,892800.0,642800.0,False,0.0,09:49:30
23150.0,500,450.0,0.0,SD,887100.0,642800.0,False,0.0,09:49:15
23150.0,100,450.0,0.0,BU,887100.0,642300.0,False,-50.0,09:49:04
23200.0,100,500.0,0.0,BU,887000.0,642300.0,False,0.0,09:49:04
23200.0,200,500.0,0.0,BU,886900.0,642300.0,False,0.0,09:49:04
23200.0,1400,500.0,0.0,BU,886700.0,642300.0,False,50.0,09:49:04
23150.0,100,450.0,0.0,BU,885300.0,642300.0,False,0.0,09:49:04
23150.0,200,450.0,0.0,BU,885200.0,642300.0,False,0.0,09:49:04
23150.0,1100,450.0,0.0,BU,885000.0,642300.0,False,0.0,09:49:04
23150.0,900,450.0,0.0,BU,883900.0,642300.0,False,0.0,09:49:04
23150.0,1000,450.0,0.0,BU,883000.0,642300.0,False,0.0,09:49:04
23150.0,5000,450.0,0.0,BU,882000.0,642300.0,False,0.0,09:49:04
23150.0,5900,450.0,0.0,BU,877000.0,642300.0,False,50.0,09:49:04
23100.0,2000,400.0,0.0,SD,871100.0,642300.0,False,0.0,09:49:04
23100.0,200,400.0,0.0,SD,871100.0,640300.0,False,-50.0,09:48:45
23150.0,100,450.0,0.0,BU,871100.0,640100.0,False,0.0,09:48:44
23150.0,3000,450.0,0.0,BU,871000.0,640100.0,False,50.0,09:48:37
23100.0,100,400.0,0.0,SD,868000.0,640100.0,False,-50.0,09:48:26
23150.0,500,450.0,0.0,BU,868000.0,640000.0,False,0.0,09:48:21
23150.0,500,450.0,0.0,BU,867500.0,640000.0,False,0.0,09:48:20
23150.0,100,450.0,0.0,SD,867000.0,640000.0,False,0.0,09:48:15
23150.0,400,450.0,0.0,BU,867000.0,639900.0,False,-50.0,09:48:08
23200.0,300,500.0,0.0,BU,866600.0,639900.0,False,50.0,09:47:47
23150.0,3700,450.0,0.0,BU,866300.0,639900.0,False,50.0,09:47:47
23100.0,100,400.0,0.0,SD,862600.0,639900.0,False,-50.0,09:47:47
23150.0,300,450.0,0.0,BU,862600.0,639800.0,False,0.0,09:47:47
23150.0,200,450.0,0.0,BU,862300.0,639800.0,False,0.0,09:47:47
23150.0,1000,450.0,0.0,BU,862100.0,639800.0,False,0.0,09:47:47
23150.0,200,450.0,0.0,BU,861100.0,639800.0,False,0.0,09:47:47
23150.0,1000,450.0,0.0,SD,860900.0,639800.0,False,0.0,09:47:45
23150.0,100,450.0,0.0,SD,860900.0,638800.0,False,0.0,09:47:35
23150.0,600,450.0,0.0,SD,860900.0,638700.0,False,0.0,09:47:31
23150.0,100,450.0,0.0,SD,860900.0,638100.0,False,0.0,09:47:30
23150.0,400,450.0,0.0,SD,860900.0,638000.0,False,0.0,09:47:25
23150.0,2600,450.0,0.0,SD,860900.0,637600.0,False,0.0,09:47:25
23150.0,5000,450.0,0.0,BU,860900.0,635000.0,False,0.0,09:47:23
23150.0,500,450.0,0.0,BU,855900.0,635000.0,False,0.0,09:47:18
23150.0,1000,450.0,0.0,BU,855400.0,635000.0,False,0.0,09:47:18
23150.0,500,450.0,0.0,SD,854400.0,635000.0,False,0.0,09:47:16
23150.0,5400,450.0,0.0,SD,854400.0,634500.0,False,0.0,09:47:16
23150.0,500,450.0,0.0,BU,854400.0,629100.0,False,0.0,09:47:15
23150.0,1700,450.0,0.0,BU,853900.0,629100.0,False,0.0,09:47:15
23150.0,400,450.0,0.0,BU,852200.0,629100.0,False,0.0,09:47:13
23150.0,100,450.0,0.0,BU,851800.0,629100.0,False,0.0,09:47:09
23150.0,500,450.0,0.0,BU,851700.0,629100.0,False,0.0,09:47:06
23150.0,2300,450.0,0.0,BU,851200.0,629100.0,False,0.0,09:47:03
23150.0,100,450.0,0.0,BU,848900.0,629100.0,False,0.0,09:47:03
23150.0,1000,450.0,0.0,BU,848800.0,629100.0,False,0.0,09:47:02
23150.0,900,450.0,0.0,SD,847800.0,629100.0,False,0.0,09:46:57
23150.0,100,450.0,0.0,SD,847800.0,628200.0,False,0.0,09:46:57
23150.0,800,450.0,0.0,SD,847800.0,628100.0,False,0.0,09:46:57
23150.0,100,450.0,0.0,SD,847800.0,627300.0,False,-50.0,09:46:57
23200.0,600,500.0,0.0,BU,847800.0,627200.0,False,50.0,09:46:55
23150.0,900,450.0,0.0,SD,847200.0,627200.0,False,0.0,09:46:54
23150.0,9100,450.0,0.0,SD,847200.0,626300.0,True,0.0,09:46:54
23150.0,500,450.0,0.0,SD,847200.0,617200.0,False,-50.0,09:46:52
23200.0,2700,500.0,0.0,BU,847200.0,616700.0,False,0.0,09:46:52
23200.0,2000,500.0,0.0,BU,844500.0,616700.0,False,0.0,09:46:52
23200.0,1000,500.0,0.0,BU,842500.0,616700.0,False,0.0,09:46:52
23200.0,1000,500.0,0.0,BU,841500.0,616700.0,False,0.0,09:46:52
23200.0,1000,500.0,0.0,BU,840500.0,616700.0,False,0.0,09:46:52
23200.0,2000,500.0,0.0,BU,839500.0,616700.0,False,0.0,09:46:52
23200.0,500,500.0,0.0,BU,837500.0,616700.0,False,0.0,09:46:52
23200.0,1900,500.0,0.0,BU,837000.0,616700.0,False,0.0,09:46:52
23200.0,1000,500.0,0.0,BU,835100.0,616700.0,False,0.0,09:46:52
23200.0,100,500.0,0.0,BU,834100.0,616700.0,False,0.0,09:46:52
23200.0,5000,500.0,0.0,BU,834000.0,616700.0,False,0.0,09:46:52
23200.0,400,500.0,0.0,BU,829000.0,616700.0,False,0.0,09:46:52
23200.0,1000,500.0,0.0,BU,828600.0,616700.0,False,0.0,09:46:52
23200.0,3000,500.0,0.0,BU,827600.0,616700.0,False,0.0,09:46:52
23200.0,100,500.0,0.0,BU,824600.0,616700.0,False,0.0,09:46:52
23200.0,100,500.0,0.0,BU,824500.0,616700.0,False,0.0,09:46:52
23200.0,1500,500.0,0.0,BU,824400.0,616700.0,False,50.0,09:46:52
23150.0,400,450.0,0.0,SD,822900.0,616700.0,False,0.0,09:46:52
23150.0,100,450.0,0.0,SD,822900.0,616300.0,False,0.0,09:46:52
23150.0,100,450.0,0.0,SD,822900.0,616200.0,False,0.0,09:46:48
23150.0,9800,450.0,0.0,SD,822900.0,616100.0,True,0.0,09:46:48
23150.0,500,450.0,0.0,SD,822900.0,606300.0,False,0.0,09:46:48
23150.0,400,450.0,0.0,SD,822900.0,605800.0,False,0.0,09:46:48
23150.0,1900,450.0,0.0,SD,822900.0,605400.0,False,0.0,09:46:48
23150.0,4100,450.0,0.0,SD,822900.0,603500.0,False,0.0,09:46:48
23150.0,500,450.0,0.0,SD,822900.0,599400.0,False,0.0,09:46:43
23150.0,100,450.0,0.0,SD,822900.0,598900.0,False,0.0,09:46:26
23150.0,300,450.0,0.0,SD,822900.0,598800.0,False,0.0,09:46:24
23150.0,100,450.0,0.0,SD,822900.0,598500.0,False,0.0,09:46:20
23150.0,500,450.0,0.0,SD,822900.0,598400.0,False,0.0,09:46:19
23150.0,2000,450.0,0.0,SD,822900.0,597900.0,False,0.0,09:46:18
23150.0,2400,450.0,0.0,SD,822900.0,595900.0,False,0.0,09:46:17
23150.0,500,450.0,0.0,SD,822900.0,593500.0,False,0.0,09:46:17
23150.0,300,450.0,0.0,SD,822900.0,593000.0,False,0.0,09:46:16
23150.0,1000,450.0,0.0,SD,822900.0,592700.0,False,0.0,09:45:53
23150.0,5000,450.0,0.0,SD,822900.0,591700.0,False,0.0,09:45:49
23150.0,500,450.0,0.0,SD,822900.0,586700.0,False,0.0,09:45:49
23150.0,1000,450.0,0.0,SD,822900.0,586200.0,False,0.0,09:45:45
23150.0,100,450.0,0.0,SD,822900.0,585200.0,False,0.0,09:45:43
23150.0,500,450.0,0.0,SD,822900.0,585100.0,False,0.0,09:45:41
23150.0,300,450.0,0.0,SD,822900.0,584600.0,False,0.0,09:45:41
23150.0,4000,450.0,0.0,SD,822900.0,584300.0,False,0.0,09:45:41
23150.0,200,450.0,0.0,SD,822900.0,580300.0,False,0.0,09:45:41
23150.0,500,450.0,0.0,SD,822900.0,580100.0,False,0.0,09:45:41
23150.0,500,450.0,0.0,SD,822900.0,579600.0,False,0.0,09:45:41
23150.0,5000,450.0,0.0,SD,822900.0,579100.0,False,0.0,09:45:41
23150.0,300,450.0,0.0,SD,822900.0,574100.0,False,0.0,09:45:41
23150.0,300,450.0,0.0,SD,822900.0,573800.0,False,0.0,09:45:41
23150.0,5300,450.0,0.0,SD,822900.0,573500.0,False,0.0,09:45:41
23150.0,100,450.0,0.0,SD,822900.0,568200.0,False,0.0,09:45:41
23150.0,100,450.0,0.0,SD,822900.0,568100.0,False,0.0,09:45:41
23150.0,100,450.0,0.0,SD,822900.0,568000.0,False,0.0,09:45:41
23150.0,300,450.0,0.0,SD,822900.0,567900.0,False,0.0,09:45:41
23150.0,100,450.0,0.0,SD,822900.0,567600.0,False,0.0,09:45:41
23150.0,500,450.0,0.0,SD,822900.0,567500.0,False,0.0,09:45:41
23150.0,8900,450.0,0.0,SD,822900.0,567000.0,True,0.0,09:45:41
23150.0,1100,450.0,0.0,BU,822900.0,558100.0,False,0.0,09:45:39
23150.0,500,450.0,0.0,BU,821800.0,558100.0,False,0.0,09:45:39
23150.0,200,450.0,0.0,BU,821300.0,558100.0,False,0.0,09:45:39
23150.0,6200,450.0,0.0,BU,821100.0,558100.0,False,0.0,09:45:39
23150.0,100,450.0,0.0,BU,814900.0,558100.0,False,0.0,09:45:39
23150.0,1000,450.0,0.0,BU,814800.0,558100.0,False,0.0,09:45:37
23150.0,2000,450.0,0.0,BU,813800.0,558100.0,False,0.0,09:45:30
23150.0,700,450.0,0.0,BU,811800.0,558100.0,False,0.0,09:45:30
23150.0,300,450.0,0.0,BU,811100.0,558100.0,False,0.0,09:45:30
23150.0,700,450.0,0.0,BU,810800.0,558100.0,False,0.0,09:45:21
23150.0,300,450.0,0.0,BU,810100.0,558100.0,False,50.0,09:45:21
23100.0,200,400.0,0.0,SD,809800.0,558100.0,False,-50.0,09:45:16
23150.0,300,450.0,0.0,BU,809800.0,557900.0,False,0.0,09:45:13
23150.0,500,450.0,0.0,BU,809500.0,557900.0,False,0.0,09:45:03
23150.0,400,450.0,0.0,BU,809000.0,557900.0,False,0.0,09:45:03
23150.0,100,450.0,0.0,BU,808600.0,557900.0,False,0.0,09:45:03
23150.0,1000,450.0,0.0,BU,808500.0,557900.0,False,50.0,09:45:03
23100.0,4000,400.0,0.0,SD,807500.0,557900.0,False,-50.0,09:45:02
23150.0,100,450.0,0.0,BU,807500.0,553900.0,False,50.0,09:44:56
23100.0,1700,400.0,0.0,BU,807400.0,553900.0,False,0.0,09:44:53
23100.0,200,400.0,0.0,BU,805700.0,553900.0,False,0.0,09:44:51
23100.0,300,400.0,0.0,BU,805500.0,553900.0,False,0.0,09:44:51
23100.0,400,400.0,0.0,BU,805200.0,553900.0,False,0.0,09:44:51
23100.0,600,400.0,0.0,SD,804800.0,553900.0,False,0.0,09:44:45
23100.0,400,400.0,0.0,SD,804800.0,553300.0,False,0.0,09:44:45
23100.0,100,400.0,0.0,SD,804800.0,552900.0,False,-50.0,09:44:42
23150.0,400,450.0,0.0,BU,804800.0,552800.0,False,0.0,09:44:40
23150.0,100,450.0,0.0,BU,804400.0,552800.0,False,0.0,09:44:40
23150.0,400,450.0,0.0,BU,804300.0,552800.0,False,50.0,09:44:40
23100.0,500,400.0,0.0,BU,803900.0,552800.0,False,0.0,09:44:40
23100.0,400,400.0,0.0,BU,803400.0,552800.0,False,0.0,09:44:40
23100.0,200,400.0,0.0,BU,803000.0,552800.0,False,0.0,09:44:40
23100.0,300,400.0,0.0,BU,802800.0,552800.0,False,0.0,09:44:36
23100.0,5300,400.0,0.0,BU,802500.0,552800.0,False,0.0,09:44:36
23100.0,100,400.0,0.0,BU,797200.0,552800.0,False,0.0,09:44:36
23100.0,100,400.0,0.0,BU,797100.0,552800.0,False,0.0,09:44:36
23100.0,500,400.0,0.0,BU,797000.0,552800.0,False,0.0,09:44:36
23100.0,1000,400.0,0.0,BU,796500.0,552800.0,False,0.0,09:44:36
23100.0,100,400.0,0.0,BU,795500.0,552800.0,False,0.0,09:44:36
23100.0,4000,400.0,0.0,BU,795400.0,552800.0,False,0.0,09:44:36
23100.0,800,400.0,0.0,BU,791400.0,552800.0,False,0.0,09:44:36
23100.0,500,400.0,0.0,BU,790600.0,552800.0,False,0.0,09:44:36
23100.0,300,400.0,0.0,BU,790100.0,552800.0,False,0.0,09:44:36
23100.0,1000,400.0,0.0,BU,789800.0,552800.0,False,0.0,09:44:36
23100.0,500,400.0,0.0,BU,788800.0,552800.0,False,0.0,09:44:36
23100.0,7800,400.0,0.0,BU,788300.0,552800.0,False,0.0,09:44:36
23100.0,700,400.0,0.0,BU,780500.0,552800.0,False,0.0,09:44:33
23100.0,100,400.0,0.0,BU,779800.0,552800.0,False,0.0,09:44:33
23100.0,500,400.0,0.0,BU,779700.0,552800.0,False,0.0,09:44:33
23100.0,300,400.0,0.0,BU,779200.0,552800.0,False,0.0,09:44:33
23100.0,1000,400.0,0.0,BU,778900.0,552800.0,False,0.0,09:44:33
23100.0,500,400.0,0.0,BU,777900.0,552800.0,False,0.0,09:44:33
23100.0,2600,400.0,0.0,BU,777400.0,552800.0,False,0.0,09:44:33
23100.0,100,400.0,0.0,BU,774800.0,552800.0,False,0.0,09:44:33
23100.0,500,400.0,0.0,BU,774700.0,552800.0,False,0.0,09:44:32
23100.0,200,400.0,0.0,BU,774200.0,552800.0,False,0.0,09:44:32
23100.0,100,400.0,0.0,BU,774000.0,552800.0,False,0.0,09:44:32
23100.0,400,400.0,0.0,BU,773900.0,552800.0,False,0.0,09:44:32
23100.0,4000,400.0,0.0,BU,773500.0,552800.0,False,0.0,09:44:32
23100.0,100,400.0,0.0,BU,769500.0,552800.0,False,0.0,09:44:32
23100.0,3000,400.0,0.0,BU,769400.0,552800.0,False,0.0,09:44:32
23100.0,1000,400.0,0.0,BU,766400.0,552800.0,False,0.0,09:44:32
23100.0,300,400.0,0.0,BU,765400.0,552800.0,False,0.0,09:44:32
23100.0,200,400.0,0.0,BU,765100.0,552800.0,False,0.0,09:44:32
23100.0,500,400.0,0.0,BU,764900.0,552800.0,False,0.0,09:44:32
23100.0,5000,400.0,0.0,BU,764400.0,552800.0,False,0.0,09:44:32
23100.0,1600,400.0,0.0,BU,759400.0,552800.0,False,0.0,09:44:32
23100.0,500,400.0,0.0,BU,757800.0,552800.0,False,0.0,09:44:32
23100.0,1000,400.0,0.0,BU,757300.0,552800.0,False,0.0,09:44:32
23100.0,100,400.0,0.0,BU,756300.0,552800.0,False,0.0,09:44:32
23100.0,100,400.0,0.0,BU,756200.0,552800.0,False,0.0,09:44:32
23100.0,21400,400.0,0.0,BU,756100.0,552800.0,True,0.0,09:44:32
23100.0,5000,400.0,0.0,BU,734700.0,552800.0,False,0.0,09:44:32
23100.0,1000,400.0,0.0,BU,729700.0,552800.0,False,0.0,09:44:29
23100.0,300,400.0,0.0,BU,728700.0,552800.0,False,0.0,09:44:29
23100.0,20000,400.0,0.0,BU,728400.0,552800.0,True,0.0,09:44:26
23100.0,2300,400.0,0.0,BU,708400.0,552800.0,False,0.0,09:44:21
23100.0,1000,400.0,0.0,BU,706100.0,552800.0,False,0.0,09:44:21
23100.0,1100,400.0,0.0,BU,705100.0,552800.0,False,0.0,09:44:21
23100.0,1000,400.0,0.0,BU,704000.0,552800.0,False,0.0,09:44:21
23100.0,100,400.0,0.0,BU,703000.0,552800.0,False,0.0,09:44:21
23100.0,1000,400.0,0.0,BU,702900.0,552800.0,False,0.0,09:44:21
23100.0,1400,400.0,0.0,BU,701900.0,552800.0,False,0.0,09:44:21
23100.0,300,400.0,0.0,BU,700500.0,552800.0,False,0.0,09:44:21
23100.0,100,400.0,0.0,BU,700200.0,552800.0,False,0.0,09:44:21
23100.0,100,400.0,0.0,BU,700100.0,552800.0,False,0.0,09:44:21
23100.0,100,400.0,0.0,BU,700000.0,552800.0,False,0.0,09:44:21
23100.0,500,400.0,0.0,BU,699900.0,552800.0,False,0.0,09:44:21
23100.0,500,400.0,0.0,BU,699400.0,552800.0,False,0.0,09:44:21
23100.0,300,400.0,0.0,BU,698900.0,552800.0,False,0.0,09:44:21
23100.0,100,400.0,0.0,BU,698600.0,552800.0,False,0.0,09:44:21
23100.0,2000,400.0,0.0,BU,698500.0,552800.0,False,0.0,09:44:21
23100.0,5000,400.0,0.0,BU,696500.0,552800.0,False,0.0,09:44:21
23100.0,500,400.0,0.0,BU,691500.0,552800.0,False,0.0,09:44:21
23100.0,100,400.0,0.0,BU,691000.0,552800.0,False,0.0,09:44:21
23100.0,500,400.0,0.0,BU,690900.0,552800.0,False,0.0,09:44:21
23100.0,100,400.0,0.0,BU,690400.0,552800.0,False,0.0,09:44:21
23100.0,500,400.0,0.0,BU,690300.0,552800.0,False,0.0,09:44:21
23100.0,100,400.0,0.0,BU,689800.0,552800.0,False,0.0,09:44:21
23100.0,400,400.0,0.0,BU,689700.0,552800.0,False,0.0,09:44:21
23100.0,200,400.0,0.0,BU,689300.0,552800.0,False,0.0,09:44:21
23100.0,5000,400.0,0.0,BU,689100.0,552800.0,False,0.0,09:44:21
23100.0,800,400.0,0.0,BU,684100.0,552800.0,False,0.0,09:44:21
23100.0,5000,400.0,0.0,BU,683300.0,552800.0,False,0.0,09:44:21
23100.0,200,400.0,0.0,BU,678300.0,552800.0,False,0.0,09:44:21
23100.0,6000,400.0,0.0,BU,678100.0,552800.0,False,0.0,09:44:21
23100.0,1000,400.0,0.0,BU,672100.0,552800.0,False,0.0,09:44:21
23100.0,200,400.0,0.0,BU,671100.0,552800.0,False,0.0,09:44:21
23100.0,1000,400.0,0.0,BU,670900.0,552800.0,False,0.0,09:44:21
23100.0,100,400.0,0.0,BU,669900.0,552800.0,False,0.0,09:44:21
23100.0,200,400.0,0.0,BU,669800.0,552800.0,False,0.0,09:44:21
23100.0,100,400.0,0.0,BU,669600.0,552800.0,False,0.0,09:44:21
23100.0,100,400.0,0.0,BU,669500.0,552800.0,False,0.0,09:44:21
23100.0,1000,400.0,0.0,BU,669400.0,552800.0,False,0.0,09:44:21
23100.0,1000,400.0,0.0,BU,668400.0,552800.0,False,0.0,09:44:21
23100.0,500,400.0,0.0,BU,667400.0,552800.0,False,0.0,09:44:21
23100.0,200,400.0,0.0,BU,666900.0,552800.0,False,0.0,09:44:21
23100.0,2000,400.0,0.0,BU,666700.0,552800.0,False,0.0,09:44:21
23100.0,2000,400.0,0.0,BU,664700.0,552800.0,False,0.0,09:44:21
23100.0,500,400.0,0.0,BU,662700.0,552800.0,False,0.0,09:44:21
23100.0,1200,400.0,0.0,BU,662200.0,552800.0,False,0.0,09:44:21
23100.0,2000,400.0,0.0,BU,661000.0,552800.0,False,0.0,09:44:21
23100.0,600,400.0,0.0,BU,659000.0,552800.0,False,0.0,09:44:21
23100.0,1000,400.0,0.0,BU,658400.0,552800.0,False,50.0,09:44:18
23050.0,1000,350.0,0.0,SD,657400.0,552800.0,False,0.0,09:44:15
23050.0,2000,350.0,0.0,SD,657400.0,551800.0,False,0.0,09:44:04
23050.0,100,350.0,0.0,SD,657400.0,549800.0,False,0.0,09:44:04
23050.0,300,350.0,0.0,SD,657400.0,549700.0,False,0.0,09:44:04
23050.0,400,350.0,0.0,SD,657400.0,549400.0,False,0.0,09:44:04
23050.0,200,350.0,0.0,SD,657400.0,549000.0,False,0.0,09:44:04
23050.0,4100,350.0,0.0,SD,657400.0,548800.0,False,0.0,09:44:04
23050.0,300,350.0,0.0,SD,657400.0,544700.0,False,0.0,09:44:04
23050.0,100,350.0,0.0,SD,657400.0,544400.0,False,0.0,09:44:04
23050.0,300,350.0,0.0,SD,657400.0,544300.0,False,0.0,09:44:04
23050.0,500,350.0,0.0,SD,657400.0,544000.0,False,0.0,09:44:04
23050.0,3000,350.0,0.0,BU,657400.0,543500.0,False,0.0,09:44:04
23050.0,1000,350.0,0.0,BU,654400.0,543500.0,False,0.0,09:44:04
23050.0,2500,350.0,0.0,BU,653400.0,543500.0,False,0.0,09:44:04
23050.0,500,350.0,0.0,BU,650900.0,543500.0,False,0.0,09:44:04
23050.0,500,350.0,0.0,BU,650400.0,543500.0,False,0.0,09:44:04
23050.0,1000,350.0,0.0,BU,649900.0,543500.0,False,0.0,09:44:04
23050.0,500,350.0,0.0,BU,648900.0,543500.0,False,0.0,09:44:04
23050.0,1000,350.0,0.0,BU,648400.0,543500.0,False,0.0,09:44:04
23050.0,500,350.0,0.0,BU,647400.0,543500.0,False,0.0,09:44:04
23050.0,1200,350.0,0.0,BU,646900.0,543500.0,False,0.0,09:44:04
23050.0,100,350.0,0.0,BU,645700.0,543500.0,False,0.0,09:44:04
23050.0,500,350.0,0.0,BU,645600.0,543500.0,False,0.0,09:44:04
23050.0,500,350.0,0.0,BU,645100.0,543500.0,False,0.0,09:44:04
23050.0,500,350.0,0.0,BU,644600.0,543500.0,False,0.0,09:44:04
23050.0,200,350.0,0.0,BU,644100.0,543500.0,False,0.0,09:44:04
23050.0,1000,350.0,0.0,BU,643900.0,543500.0,False,0.0,09:44:04
23050.0,500,350.0,0.0,BU,642900.0,543500.0,False,50.0,09:44:04
23000.0,10800,300.0,0.0,SD,642400.0,543500.0,True,-50.0,09:43:59
23050.0,500,350.0,0.0,BU,642400.0,532700.0,False,0.0,09:43:56
23050.0,300,350.0,0.0,BU,641900.0,532700.0,False,0.0,09:43:56
23050.0,100,350.0,0.0,BU,641600.0,532700.0,False,0.0,09:43:56
23050.0,100,350.0,0.0,BU,641500.0,532700.0,False,0.0,09:43:56
23050.0,2000,350.0,0.0,BU,641400.0,532700.0,False,0.0,09:43:54
23050.0,7900,350.0,0.0,BU,639400.0,532700.0,False,0.0,09:43:51
23050.0,500,350.0,0.0,BU,631500.0,532700.0,False,0.0,09:43:51
23050.0,1600,350.0,0.0,BU,631000.0,532700.0,False,0.0,09:43:51
23050.0,2400,350.0,0.0,BU,629400.0,532700.0,False,50.0,09:43:39
23000.0,500,300.0,0.0,SD,627000.0,532700.0,False,0.0,09:43:37
23000.0,100,300.0,0.0,SD,627000.0,532200.0,False,0.0,09:43:36
23000.0,300,300.0,0.0,SD,627000.0,532100.0,False,0.0,09:43:36
23000.0,300,300.0,0.0,SD,627000.0,531800.0,False,0.0,09:43:36
23000.0,200,300.0,0.0,SD,627000.0,531500.0,False,0.0,09:43:36
23000.0,500,300.0,0.0,SD,627000.0,531300.0,False,0.0,09:43:36
23000.0,100,300.0,0.0,SD,627000.0,530800.0,False,0.0,09:43:36
23000.0,2000,300.0,0.0,SD,627000.0,530700.0,False,0.0,09:43:36
23000.0,4000,300.0,0.0,SD,627000.0,528700.0,False,0.0,09:43:36
23000.0,500,300.0,0.0,SD,627000.0,524700.0,False,0.0,09:43:36
23000.0,1000,300.0,0.0,SD,627000.0,524200.0,False,0.0,09:43:36
23000.0,500,300.0,0.0,SD,627000.0,523200.0,False,0.0,09:43:36
23000.0,300,300.0,0.0,SD,627000.0,522700.0,False,0.0,09:43:36
23000.0,5000,300.0,0.0,SD,627000.0,522400.0,False,0.0,09:43:36
23000.0,600,300.0,0.0,SD,627000.0,517400.0,False,0.0,09:43:36
23000.0,900,300.0,0.0,BU,627000.0,516800.0,False,0.0,09:43:36
23000.0,500,300.0,0.0,BU,626100.0,516800.0,False,0.0,09:43:36
23000.0,1000,300.0,0.0,BU,625600.0,516800.0,False,0.0,09:43:36
23000.0,1000,300.0,0.0,BU,624600.0,516800.0,False,0.0,09:43:36
23000.0,2000,300.0,0.0,BU,623600.0,516800.0,False,0.0,09:43:36
23000.0,300,300.0,0.0,BU,621600.0,516800.0,False,0.0,09:43:36
23000.0,9900,300.0,0.0,BU,621300.0,516800.0,True,0.0,09:43:36
23000.0,100,300.0,0.0,BU,611400.0,516800.0,False,0.0,09:43:35
23000.0,400,300.0,0.0,BU,611300.0,516800.0,False,0.0,09:43:35
23000.0,300,300.0,0.0,BU,610900.0,516800.0,False,0.0,09:43:34
23000.0,200,300.0,0.0,BU,610600.0,516800.0,False,0.0,09:43:34
23000.0,200,300.0,0.0,BU,610400.0,516800.0,False,0.0,09:43:34
23000.0,4100,300.0,0.0,BU,610200.0,516800.0,False,0.0,09:43:33
23000.0,300,300.0,0.0,BU,606100.0,516800.0,False,0.0,09:43:33
23000.0,200,300.0,0.0,BU,605800.0,516800.0,False,0.0,09:43:33
23000.0,400,300.0,0.0,BU,605600.0,516800.0,False,0.0,09:43:33
23000.0,500,300.0,0.0,BU,605200.0,516800.0,False,0.0,09:43:33
23000.0,100,300.0,0.0,BU,604700.0,516800.0,False,0.0,09:43:33
23000.0,4800,300.0,0.0,BU,604600.0,516800.0,False,0.0,09:43:33
23000.0,100,300.0,0.0,BU,599800.0,516800.0,False,0.0,09:43:33
23000.0,500,300.0,0.0,BU,599700.0,516800.0,False,0.0,09:43:33
23000.0,200,300.0,0.0,BU,599200.0,516800.0,False,0.0,09:43:33
23000.0,1000,300.0,0.0,BU,599000.0,516800.0,False,0.0,09:43:33
23000.0,2000,300.0,0.0,BU,598000.0,516800.0,False,0.0,09:43:33
23000.0,200,300.0,0.0,BU,596000.0,516800.0,False,0.0,09:43:33
23000.0,200,300.0,0.0,BU,595800.0,516800.0,False,0.0,09:43:33
23000.0,100,300.0,0.0,BU,595600.0,516800.0,False,0.0,09:43:33
23000.0,5000,300.0,0.0,BU,595500.0,516800.0,False,0.0,09:43:33
23000.0,700,300.0,0.0,BU,590500.0,516800.0,False,0.0,09:43:33
23000.0,100,300.0,0.0,BU,589800.0,516800.0,False,0.0,09:43:33
23000.0,300,300.0,0.0,BU,589700.0,516800.0,False,0.0,09:43:33
23000.0,400,300.0,0.0,BU,589400.0,516800.0,False,0.0,09:43:33
23000.0,100,300.0,0.0,BU,589000.0,516800.0,False,0.0,09:43:33
23000.0,1000,300.0,0.0,BU,588900.0,516800.0,False,0.0,09:43:33
23000.0,1500,300.0,0.0,BU,587900.0,516800.0,False,0.0,09:43:33
23000.0,500,300.0,0.0,BU,586400.0,516800.0,False,0.0,09:43:33
23000.0,10000,300.0,0.0,BU,585900.0,516800.0,True,0.0,09:43:33
23000.0,1000,300.0,0.0,BU,575900.0,516800.0,False,0.0,09:43:33
23000.0,100,300.0,0.0,BU,574900.0,516800.0,False,0.0,09:43:33
23000.0,4400,300.0,0.0,BU,574800.0,516800.0,False,0.0,09:43:33
23000.0,300,300.0,0.0,BU,570400.0,516800.0,False,0.0,09:43:33
23000.0,5000,300.0,0.0,BU,570100.0,516800.0,False,0.0,09:43:33
23000.0,400,300.0,0.0,BU,565100.0,516800.0,False,0.0,09:43:33
23000.0,800,300.0,0.0,BU,564700.0,516800.0,False,0.0,09:43:33
23000.0,500,300.0,0.0,BU,563900.0,516800.0,False,0.0,09:43:33
23000.0,2000,300.0,0.0,BU,563400.0,516800.0,False,0.0,09:43:33
23000.0,200,300.0,0.0,BU,561400.0,516800.0,False,0.0,09:43:33
23000.0,100,300.0,0.0,BU,561200.0,516800.0,False,0.0,09:43:33
23000.0,500,300.0,0.0,BU,561100.0,516800.0,False,0.0,09:43:30
23000.0,800,300.0,0.0,BU,560600.0,516800.0,False,0.0,09:43:30
23000.0,3300,300.0,0.0,BU,559800.0,516800.0,False,0.0,09:43:30
23000.0,1700,300.0,0.0,BU,556500.0,516800.0,False,0.0,09:43:28
23000.0,1500,300.0,0.0,BU,554800.0,516800.0,False,0.0,09:43:28
23000.0,1000,300.0,0.0,BU,553300.0,516800.0,False,0.0,09:43:28
23000.0,600,300.0,0.0,BU,552300.0,516800.0,False,0.0,09:43:28
23000.0,2500,300.0,0.0,BU,551700.0,516800.0,False,0.0,09:43:28
23000.0,100,300.0,0.0,BU,549200.0,516800.0,False,0.0,09:43:28
23000.0,2600,300.0,0.0,BU,549100.0,516800.0,False,0.0,09:43:28
23000.0,400,300.0,0.0,BU,546500.0,516800.0,False,0.0,09:43:27
23000.0,500,300.0,0.0,BU,546100.0,516800.0,False,0.0,09:43:27
23000.0,700,300.0,0.0,BU,545600.0,516800.0,False,0.0,09:43:27
23000.0,300,300.0,0.0,BU,544900.0,516800.0,False,0.0,09:43:21
23000.0,100,300.0,0.0,BU,544600.0,516800.0,False,0.0,09:43:21
23000.0,100,300.0,0.0,BU,544500.0,516800.0,False,0.0,09:43:21
23000.0,4500,300.0,0.0,BU,544400.0,516800.0,False,0.0,09:43:21
23000.0,10000,300.0,0.0,BU,539900.0,516800.0,True,50.0,09:43:19
22950.0,1000,250.0,0.0,SD,529900.0,516800.0,False,-50.0,09:43:14
23000.0,3500,300.0,0.0,BU,529900.0,515800.0,False,0.0,09:43:14
23000.0,400,300.0,0.0,BU,526400.0,515800.0,False,0.0,09:43:14
23000.0,6100,300.0,0.0,BU,526000.0,515800.0,False,0.0,09:43:14
23000.0,3900,300.0,0.0,BU,519900.0,515800.0,False,0.0,09:43:02
23000.0,500,300.0,0.0,BU,516000.0,515800.0,False,0.0,09:43:02
23000.0,5000,300.0,0.0,BU,515500.0,515800.0,False,0.0,09:43:02
23000.0,1000,300.0,0.0,BU,510500.0,515800.0,False,0.0,09:43:02
23000.0,300,300.0,0.0,BU,509500.0,515800.0,False,0.0,09:43:02
23000.0,2000,300.0,0.0,BU,509200.0,515800.0,False,0.0,09:43:02
23000.0,500,300.0,0.0,BU,507200.0,515800.0,False,0.0,09:43:02
23000.0,3200,300.0,0.0,BU,506700.0,515800.0,False,0.0,09:43:02
23000.0,2000,300.0,0.0,BU,503500.0,515800.0,False,0.0,09:43:02
23000.0,500,300.0,0.0,BU,501500.0,515800.0,False,0.0,09:43:02
23000.0,500,300.0,0.0,BU,501000.0,515800.0,False,0.0,09:43:02
23000.0,600,300.0,0.0,BU,500500.0,515800.0,False,0.0,09:43:02
23000.0,500,300.0,0.0,BU,499900.0,515800.0,False,0.0,09:43:02
23000.0,100,300.0,0.0,BU,499400.0,515800.0,False,0.0,09:43:02
23150.0,500,450.0,0.0,BU,868000.0,640000.0,False,0.0,09:48:21
23150.0,500,450.0,0.0,BU,867500.0,640000.0,False,0.0,09:48:20
23150.0,100,450.0,0.0,SD,867000.0,640000.0,False,0.0,09:48:15
23150.0,400,450.0,0.0,BU,867000.0,639900.0,False,-50.0,09:48:08
23200.0,300,500.0,0.0,BU,866600.0,639900.0,False,50.0,09:47:47
23150.0,3700,450.0,0.0,BU,866300.0,639900.0,False,50.0,09:47:47
23100.0,100,400.0,0.0,SD,862600.0,639900.0,False,-50.0,09:47:47
23150.0,300,450.0,0.0,BU,862600.0,639800.0,False,0.0,09:47:47
23150.0,200,450.0,0.0,BU,862300.0,639800.0,False,0.0,09:47:47
23150.0,1000,450.0,0.0,BU,862100.0,639800.0,False,0.0,09:47:47
23150.0,200,450.0,0.0,BU,861100.0,639800.0,False,0.0,09:47:47
23150.0,1000,450.0,0.0,SD,860900.0,639800.0,False,0.0,09:47:45
23150.0,100,450.0,0.0,SD,860900.0,638800.0,False,0.0,09:47:35
23150.0,600,450.0,0.0,SD,860900.0,638700.0,False,0.0,09:47:31
23150.0,100,450.0,0.0,SD,860900.0,638100.0,False,0.0,09:47:30
23150.0,400,450.0,0.0,SD,860900.0,638000.0,False,0.0,09:47:25
23150.0,2600,450.0,0.0,SD,860900.0,637600.0,False,0.0,09:47:25
23150.0,5000,450.0,0.0,BU,860900.0,635000.0,False,0.0,09:47:23
23150.0,500,450.0,0.0,BU,855900.0,635000.0,False,0.0,09:47:18
23150.0,1000,450.0,0.0,BU,855400.0,635000.0,False,0.0,09:47:18
23150.0,500,450.0,0.0,SD,854400.0,635000.0,False,0.0,09:47:16
23150.0,5400,450.0,0.0,SD,854400.0,634500.0,False,0.0,09:47:16
23150.0,500,450.0,0.0,BU,854400.0,629100.0,False,0.0,09:47:15
23150.0,1700,450.0,0.0,BU,853900.0,629100.0,False,0.0,09:47:15
23150.0,400,450.0,0.0,BU,852200.0,629100.0,False,0.0,09:47:13
23150.0,100,450.0,0.0,BU,851800.0,629100.0,False,0.0,09:47:09
23150.0,500,450.0,0.0,BU,851700.0,629100.0,False,0.0,09:47:06
23150.0,2300,450.0,0.0,BU,851200.0,629100.0,False,0.0,09:47:03
23150.0,100,450.0,0.0,BU,848900.0,629100.0,False,0.0,09:47:03
23150.0,1000,450.0,0.0,BU,848800.0,629100.0,False,0.0,09:47:02
23150.0,900,450.0,0.0,SD,847800.0,629100.0,False,0.0,09:46:57
23150.0,100,450.0,0.0,SD,847800.0,628200.0,False,0.0,09:46:57
23150.0,800,450.0,0.0,SD,847800.0,628100.0,False,0.0,09:46:57
23150.0,100,450.0,0.0,SD,847800.0,627300.0,False,-50.0,09:46:57
23200.0,600,500.0,0.0,BU,847800.0,627200.0,False,50.0,09:46:55
23150.0,900,450.0,0.0,SD,847200.0,627200.0,False,0.0,09:46:54
23150.0,9100,450.0,0.0,SD,847200.0,626300.0,True,0.0,09:46:54
23150.0,500,450.0,0.0,SD,847200.0,617200.0,False,-50.0,09:46:52
23200.0,2700,500.0,0.0,BU,847200.0,616700.0,False,0.0,09:46:52
23200.0,2000,500.0,0.0,BU,844500.0,616700.0,False,0.0,09:46:52
23200.0,1000,500.0,0.0,BU,842500.0,616700.0,False,0.0,09:46:52
23200.0,1000,500.0,0.0,BU,841500.0,616700.0,False,0.0,09:46:52
23200.0,1000,500.0,0.0,BU,840500.0,616700.0,False,0.0,09:46:52
23200.0,2000,500.0,0.0,BU,839500.0,616700.0,False,0.0,09:46:52
23200.0,500,500.0,0.0,BU,837500.0,616700.0,False,0.0,09:46:52
23200.0,1900,500.0,0.0,BU,837000.0,616700.0,False,0.0,09:46:52
23200.0,1000,500.0,0.0,BU,835100.0,616700.0,False,0.0,09:46:52
23200.0,100,500.0,0.0,BU,834100.0,616700.0,False,0.0,09:46:52
23200.0,5000,500.0,0.0,BU,834000.0,616700.0,False,0.0,09:46:52
23200.0,400,500.0,0.0,BU,829000.0,616700.0,False,0.0,09:46:52
23200.0,1000,500.0,0.0,BU,828600.0,616700.0,False,0.0,09:46:52
23200.0,3000,500.0,0.0,BU,827600.0,616700.0,False,0.0,09:46:52
23200.0,100,500.0,0.0,BU,824600.0,616700.0,False,0.0,09:46:52
23200.0,100,500.0,0.0,BU,824500.0,616700.0,False,0.0,09:46:52
23200.0,1500,500.0,0.0,BU,824400.0,616700.0,False,50.0,09:46:52
23150.0,400,450.0,0.0,SD,822900.0,616700.0,False,0.0,09:46:52
23150.0,100,450.0,0.0,SD,822900.0,616300.0,False,0.0,09:46:52
23150.0,100,450.0,0.0,SD,822900.0,616200.0,False,0.0,09:46:48
23150.0,9800,450.0,0.0,SD,822900.0,616100.0,True,0.0,09:46:48
23150.0,500,450.0,0.0,SD,822900.0,606300.0,False,0.0,09:46:48
23150.0,400,450.0,0.0,SD,822900.0,605800.0,False,0.0,09:46:48
23150.0,1900,450.0,0.0,SD,822900.0,605400.0,False,0.0,09:46:48
23150.0,4100,450.0,0.0,SD,822900.0,603500.0,False,0.0,09:46:48
23150.0,500,450.0,0.0,SD,822900.0,599400.0,False,0.0,09:46:43
23150.0,100,450.0,0.0,SD,822900.0,598900.0,False,0.0,09:46:26
23150.0,300,450.0,0.0,SD,822900.0,598800.0,False,0.0,09:46:24
23150.0,100,450.0,0.0,SD,822900.0,598500.0,False,0.0,09:46:20
23150.0,500,450.0,0.0,SD,822900.0,598400.0,False,0.0,09:46:19
23150.0,2000,450.0,0.0,SD,822900.0,597900.0,False,0.0,09:46:18
23150.0,2400,450.0,0.0,SD,822900.0,595900.0,False,0.0,09:46:17
23150.0,500,450.0,0.0,SD,822900.0,593500.0,False,0.0,09:46:17
23150.0,300,450.0,0.0,SD,822900.0,593000.0,False,0.0,09:46:16
23150.0,1000,450.0,0.0,SD,822900.0,592700.0,False,0.0,09:45:53
23150.0,5000,450.0,0.0,SD,822900.0,591700.0,False,0.0,09:45:49
23150.0,500,450.0,0.0,SD,822900.0,586700.0,False,0.0,09:45:49
23150.0,1000,450.0,0.0,SD,822900.0,586200.0,False,0.0,09:45:45
23150.0,100,450.0,0.0,SD,822900.0,585200.0,False,0.0,09:45:43
23150.0,500,450.0,0.0,SD,822900.0,585100.0,False,0.0,09:45:41
23150.0,300,450.0,0.0,SD,822900.0,584600.0,False,0.0,09:45:41
23150.0,4000,450.0,0.0,SD,822900.0,584300.0,False,0.0,09:45:41
23150.0,200,450.0,0.0,SD,822900.0,580300.0,False,0.0,09:45:41
23150.0,500,450.0,0.0,SD,822900.0,580100.0,False,0.0,09:45:41
23150.0,500,450.0,0.0,SD,822900.0,579600.0,False,0.0,09:45:41
23150.0,5000,450.0,0.0,SD,822900.0,579100.0,False,0.0,09:45:41
23150.0,300,450.0,0.0,SD,822900.0,574100.0,False,0.0,09:45:41
23150.0,300,450.0,0.0,SD,822900.0,573800.0,False,0.0,09:45:41
23150.0,5300,450.0,0.0,SD,822900.0,573500.0,False,0.0,09:45:41
23150.0,100,450.0,0.0,SD,822900.0,568200.0,False,0.0,09:45:41
23150.0,100,450.0,0.0,SD,822900.0,568100.0,False,0.0,09:45:41
23150.0,100,450.0,0.0,SD,822900.0,568000.0,False,0.0,09:45:41
23150.0,300,450.0,0.0,SD,822900.0,567900.0,False,0.0,09:45:41
23150.0,100,450.0,0.0,SD,822900.0,567600.0,False,0.0,09:45:41
23150.0,500,450.0,0.0,SD,822900.0,567500.0,False,0.0,09:45:41
23150.0,8900,450.0,0.0,SD,822900.0,567000.0,True,0.0,09:45:41
23150.0,1100,450.0,0.0,BU,822900.0,558100.0,False,0.0,09:45:39
23150.0,500,450.0,0.0,BU,821800.0,558100.0,False,0.0,09:45:39
23150.0,200,450.0,0.0,BU,821300.0,558100.0,False,0.0,09:45:39
23150.0,6200,450.0,0.0,BU,821100.0,558100.0,False,0.0,09:45:39
23150.0,100,450.0,0.0,BU,814900.0,558100.0,False,0.0,09:45:39
23150.0,1000,450.0,0.0,BU,814800.0,558100.0,False,0.0,09:45:37
23150.0,2000,450.0,0.0,BU,813800.0,558100.0,False,0.0,09:45:30
23150.0,700,450.0,0.0,BU,811800.0,558100.0,False,0.0,09:45:30
23150.0,300,450.0,0.0,BU,811100.0,558100.0,False,0.0,09:45:30
23150.0,700,450.0,0.0,BU,810800.0,558100.0,False,0.0,09:45:21
23150.0,300,450.0,0.0,BU,810100.0,558100.0,False,50.0,09:45:21
23100.0,200,400.0,0.0,SD,809800.0,558100.0,False,-50.0,09:45:16
23150.0,300,450.0,0.0,BU,809800.0,557900.0,False,0.0,09:45:13
23150.0,500,450.0,0.0,BU,809500.0,557900.0,False,0.0,09:45:03
23150.0,400,450.0,0.0,BU,809000.0,557900.0,False,0.0,09:45:03
23150.0,100,450.0,0.0,BU,808600.0,557900.0,False,0.0,09:45:03
23150.0,1000,450.0,0.0,BU,808500.0,557900.0,False,50.0,09:45:03
23100.0,4000,400.0,0.0,SD,807500.0,557900.0,False,-50.0,09:45:02
23150.0,100,450.0,0.0,BU,807500.0,553900.0,False,50.0,09:44:56
23100.0,1700,400.0,0.0,BU,807400.0,553900.0,False,0.0,09:44:53
23100.0,200,400.0,0.0,BU,805700.0,553900.0,False,0.0,09:44:51
23100.0,300,400.0,0.0,BU,805500.0,553900.0,False,0.0,09:44:51
23100.0,400,400.0,0.0,BU,805200.0,553900.0,False,0.0,09:44:51
23100.0,600,400.0,0.0,SD,804800.0,553900.0,False,0.0,09:44:45
23100.0,400,400.0,0.0,SD,804800.0,553300.0,False,0.0,09:44:45
23100.0,100,400.0,0.0,SD,804800.0,552900.0,False,-50.0,09:44:42
23150.0,400,450.0,0.0,BU,804800.0,552800.0,False,0.0,09:44:40
23150.0,100,450.0,0.0,BU,804400.0,552800.0,False,0.0,09:44:40
23150.0,400,450.0,0.0,BU,804300.0,552800.0,False,50.0,09:44:40
23100.0,500,400.0,0.0,BU,803900.0,552800.0,False,0.0,09:44:40
23100.0,400,400.0,0.0,BU,803400.0,552800.0,False,0.0,09:44:40
23100.0,200,400.0,0.0,BU,803000.0,552800.0,False,0.0,09:44:40
23100.0,300,400.0,0.0,BU,802800.0,552800.0,False,0.0,09:44:36
23100.0,5300,400.0,0.0,BU,802500.0,552800.0,False,0.0,09:44:36
23100.0,100,400.0,0.0,BU,797200.0,552800.0,False,0.0,09:44:36
23100.0,100,400.0,0.0,BU,797100.0,552800.0,False,0.0,09:44:36
23100.0,500,400.0,0.0,BU,797000.0,552800.0,False,0.0,09:44:36
23100.0,1000,400.0,0.0,BU,796500.0,552800.0,False,0.0,09:44:36
23100.0,100,400.0,0.0,BU,795500.0,552800.0,False,0.0,09:44:36
23100.0,4000,400.0,0.0,BU,795400.0,552800.0,False,0.0,09:44:36
23100.0,800,400.0,0.0,BU,791400.0,552800.0,False,0.0,09:44:36
23100.0,500,400.0,0.0,BU,790600.0,552800.0,False,0.0,09:44:36
23100.0,300,400.0,0.0,BU,790100.0,552800.0,False,0.0,09:44:36
23100.0,1000,400.0,0.0,BU,789800.0,552800.0,False,0.0,09:44:36
23100.0,500,400.0,0.0,BU,788800.0,552800.0,False,0.0,09:44:36
23100.0,7800,400.0,0.0,BU,788300.0,552800.0,False,0.0,09:44:36
23100.0,700,400.0,0.0,BU,780500.0,552800.0,False,0.0,09:44:33
23100.0,100,400.0,0.0,BU,779800.0,552800.0,False,0.0,09:44:33
23100.0,500,400.0,0.0,BU,779700.0,552800.0,False,0.0,09:44:33
23100.0,300,400.0,0.0,BU,779200.0,552800.0,False,0.0,09:44:33
23100.0,1000,400.0,0.0,BU,778900.0,552800.0,False,0.0,09:44:33
23100.0,500,400.0,0.0,BU,777900.0,552800.0,False,0.0,09:44:33
23100.0,2600,400.0,0.0,BU,777400.0,552800.0,False,0.0,09:44:33
23100.0,100,400.0,0.0,BU,774800.0,552800.0,False,0.0,09:44:33
23100.0,500,400.0,0.0,BU,774700.0,552800.0,False,0.0,09:44:32
23100.0,200,400.0,0.0,BU,774200.0,552800.0,False,0.0,09:44:32
23100.0,100,400.0,0.0,BU,774000.0,552800.0,False,0.0,09:44:32
23100.0,400,400.0,0.0,BU,773900.0,552800.0,False,0.0,09:44:32
23100.0,4000,400.0,0.0,BU,773500.0,552800.0,False,0.0,09:44:32
23100.0,100,400.0,0.0,BU,769500.0,552800.0,False,0.0,09:44:32
23100.0,3000,400.0,0.0,BU,769400.0,552800.0,False,0.0,09:44:32
23100.0,1000,400.0,0.0,BU,766400.0,552800.0,False,0.0,09:44:32
23100.0,300,400.0,0.0,BU,765400.0,552800.0,False,0.0,09:44:32
23100.0,200,400.0,0.0,BU,765100.0,552800.0,False,0.0,09:44:32
23100.0,500,400.0,0.0,BU,764900.0,552800.0,False,0.0,09:44:32
23100.0,5000,400.0,0.0,BU,764400.0,552800.0,False,0.0,09:44:32
23100.0,1600,400.0,0.0,BU,759400.0,552800.0,False,0.0,09:44:32
23100.0,500,400.0,0.0,BU,757800.0,552800.0,False,0.0,09:44:32
23100.0,1000,400.0,0.0,BU,757300.0,552800.0,False,0.0,09:44:32
23100.0,100,400.0,0.0,BU,756300.0,552800.0,False,0.0,09:44:32
23100.0,100,400.0,0.0,BU,756200.0,552800.0,False,0.0,09:44:32
23100.0,21400,400.0,0.0,BU,756100.0,552800.0,True,0.0,09:44:32
23100.0,5000,400.0,0.0,BU,734700.0,552800.0,False,0.0,09:44:32
23100.0,1000,400.0,0.0,BU,729700.0,552800.0,False,0.0,09:44:29
23100.0,300,400.0,0.0,BU,728700.0,552800.0,False,0.0,09:44:29
23100.0,20000,400.0,0.0,BU,728400.0,552800.0,True,0.0,09:44:26
23100.0,2300,400.0,0.0,BU,708400.0,552800.0,False,0.0,09:44:21
23100.0,1000,400.0,0.0,BU,706100.0,552800.0,False,0.0,09:44:21
23100.0,1100,400.0,0.0,BU,705100.0,552800.0,False,0.0,09:44:21
23100.0,1000,400.0,0.0,BU,704000.0,552800.0,False,0.0,09:44:21
23100.0,100,400.0,0.0,BU,703000.0,552800.0,False,0.0,09:44:21
23100.0,1000,400.0,0.0,BU,702900.0,552800.0,False,0.0,09:44:21
23100.0,1400,400.0,0.0,BU,701900.0,552800.0,False,0.0,09:44:21
23100.0,300,400.0,0.0,BU,700500.0,552800.0,False,0.0,09:44:21
23100.0,100,400.0,0.0,BU,700200.0,552800.0,False,0.0,09:44:21
23100.0,100,400.0,0.0,BU,700100.0,552800.0,False,0.0,09:44:21
23100.0,100,400.0,0.0,BU,700000.0,552800.0,False,0.0,09:44:21
23100.0,500,400.0,0.0,BU,699900.0,552800.0,False,0.0,09:44:21
23100.0,500,400.0,0.0,BU,699400.0,552800.0,False,0.0,09:44:21
23100.0,300,400.0,0.0,BU,698900.0,552800.0,False,0.0,09:44:21
23100.0,100,400.0,0.0,BU,698600.0,552800.0,False,0.0,09:44:21
23100.0,2000,400.0,0.0,BU,698500.0,552800.0,False,0.0,09:44:21
23100.0,5000,400.0,0.0,BU,696500.0,552800.0,False,0.0,09:44:21
23100.0,500,400.0,0.0,BU,691500.0,552800.0,False,0.0,09:44:21
23100.0,100,400.0,0.0,BU,691000.0,552800.0,False,0.0,09:44:21
23100.0,500,400.0,0.0,BU,690900.0,552800.0,False,0.0,09:44:21
23100.0,100,400.0,0.0,BU,690400.0,552800.0,False,0.0,09:44:21
23100.0,500,400.0,0.0,BU,690300.0,552800.0,False,0.0,09:44:21
23100.0,100,400.0,0.0,BU,689800.0,552800.0,False,0.0,09:44:21
23100.0,400,400.0,0.0,BU,689700.0,552800.0,False,0.0,09:44:21
23100.0,200,400.0,0.0,BU,689300.0,552800.0,False,0.0,09:44:21
23100.0,5000,400.0,0.0,BU,689100.0,552800.0,False,0.0,09:44:21
23100.0,800,400.0,0.0,BU,684100.0,552800.0,False,0.0,09:44:21
23100.0,5000,400.0,0.0,BU,683300.0,552800.0,False,0.0,09:44:21
23100.0,200,400.0,0.0,BU,678300.0,552800.0,False,0.0,09:44:21
23100.0,6000,400.0,0.0,BU,678100.0,552800.0,False,0.0,09:44:21
23000.0,1400,300.0,0.0,BU,270500.0,358400.0,False,0.0,09:32:31
23000.0,100,300.0,0.0,BU,269100.0,358400.0,False,0.0,09:32:30
23000.0,700,300.0,0.0,BU,269000.0,358400.0,False,0.0,09:32:30
23000.0,2000,300.0,0.0,BU,268300.0,358400.0,False,0.0,09:32:28
23000.0,100,300.0,0.0,BU,266300.0,358400.0,False,0.0,09:32:26
23000.0,200,300.0,0.0,BU,266200.0,358400.0,False,0.0,09:32:22
23000.0,2000,300.0,0.0,BU,266000.0,358400.0,False,0.0,09:32:21
23000.0,900,300.0,0.0,BU,264000.0,358400.0,False,0.0,09:32:20
23000.0,300,300.0,0.0,BU,263100.0,358400.0,False,0.0,09:32:19
23000.0,600,300.0,0.0,BU,262800.0,358400.0,False,0.0,09:32:19
23000.0,5000,300.0,0.0,BU,262200.0,358400.0,False,0.0,09:32:19
23000.0,10000,300.0,0.0,BU,257200.0,358400.0,True,0.0,09:32:19
23000.0,3200,300.0,0.0,BU,247200.0,358400.0,False,0.0,09:32:19
23000.0,5000,300.0,0.0,SD,244000.0,358400.0,False,0.0,09:32:17
23000.0,700,300.0,0.0,SD,244000.0,353400.0,False,0.0,09:32:13
23000.0,400,300.0,0.0,SD,244000.0,352700.0,False,0.0,09:32:05
23000.0,200,300.0,0.0,SD,244000.0,352300.0,False,0.0,09:32:01
23000.0,2100,300.0,0.0,SD,244000.0,352100.0,False,0.0,09:32:00
23000.0,400,300.0,0.0,SD,244000.0,350000.0,False,0.0,09:31:56
23000.0,400,300.0,0.0,SD,244000.0,349600.0,False,0.0,09:31:55
23000.0,700,300.0,0.0,SD,244000.0,349200.0,False,0.0,09:31:54
23000.0,1000,300.0,0.0,SD,244000.0,348500.0,False,0.0,09:31:53
23000.0,1000,300.0,0.0,BU,244000.0,347500.0,False,0.0,09:31:53
23000.0,100,300.0,0.0,BU,243000.0,347500.0,False,0.0,09:31:53
23000.0,100,300.0,0.0,BU,242900.0,347500.0,False,0.0,09:31:53
23000.0,1000,300.0,0.0,BU,242800.0,347500.0,False,0.0,09:31:53
23000.0,200,300.0,0.0,BU,241800.0,347500.0,False,0.0,09:31:53
23000.0,3000,300.0,0.0,BU,241600.0,347500.0,False,0.0,09:31:53
23000.0,100,300.0,0.0,BU,238600.0,347500.0,False,0.0,09:31:53
23000.0,400,300.0,0.0,BU,238500.0,347500.0,False,0.0,09:31:53
23000.0,600,300.0,0.0,BU,238100.0,347500.0,False,0.0,09:31:37
23000.0,3400,300.0,0.0,BU,237500.0,347500.0,False,50.0,09:31:37
22950.0,900,250.0,0.0,SD,234100.0,347500.0,False,0.0,09:31:32
22950.0,100,250.0,0.0,SD,234100.0,346600.0,False,0.0,09:31:32
22950.0,200,250.0,0.0,SD,234100.0,346500.0,False,-50.0,09:31:23
23000.0,10000,300.0,0.0,BU,234100.0,346300.0,True,50.0,09:31:16
22950.0,500,250.0,0.0,SD,224100.0,346300.0,False,-50.0,09:31:15
23000.0,10600,300.0,0.0,SD,224100.0,345800.0,True,0.0,09:31:05
23000.0,100,300.0,0.0,SD,224100.0,335200.0,False,0.0,09:31:04
23000.0,800,300.0,0.0,SD,224100.0,335100.0,False,0.0,09:30:56
23000.0,1000,300.0,0.0,SD,224100.0,334300.0,False,0.0,09:30:55
23000.0,1500,300.0,0.0,SD,224100.0,333300.0,False,0.0,09:30:54
23000.0,100,300.0,0.0,SD,224100.0,331800.0,False,0.0,09:30:53
23000.0,100,300.0,0.0,SD,224100.0,331700.0,False,0.0,09:30:49
23000.0,1000,300.0,0.0,SD,224100.0,331600.0,False,0.0,09:30:48
23000.0,100,300.0,0.0,SD,224100.0,330600.0,False,0.0,09:30:48
23000.0,300,300.0,0.0,SD,224100.0,330500.0,False,0.0,09:30:47
23000.0,900,300.0,0.0,SD,224100.0,330200.0,False,0.0,09:30:41
23000.0,1900,300.0,0.0,BU,224100.0,329300.0,False,0.0,09:30:41
23000.0,400,300.0,0.0,BU,222200.0,329300.0,False,0.0,09:30:41
23000.0,1200,300.0,0.0,BU,221800.0,329300.0,False,0.0,09:30:41
23000.0,3000,300.0,0.0,BU,220600.0,329300.0,False,0.0,09:30:35
23000.0,600,300.0,0.0,BU,217600.0,329300.0,False,0.0,09:30:35
23000.0,500,300.0,0.0,SD,217000.0,329300.0,False,0.0,09:30:33
23000.0,1000,300.0,0.0,SD,217000.0,328800.0,False,0.0,09:30:28
23000.0,900,300.0,0.0,SD,217000.0,327800.0,False,0.0,09:30:27
23000.0,1100,300.0,0.0,SD,217000.0,326900.0,False,0.0,09:30:27
23000.0,1000,300.0,0.0,SD,217000.0,325800.0,False,0.0,09:30:27
23000.0,11000,300.0,0.0,SD,217000.0,324800.0,True,0.0,09:30:26
23000.0,2000,300.0,0.0,SD,217000.0,313800.0,False,0.0,09:30:23
23000.0,1900,300.0,0.0,SD,217000.0,311800.0,False,0.0,09:30:18
23000.0,200,300.0,0.0,SD,217000.0,309900.0,False,0.0,09:30:06
23000.0,1000,300.0,0.0,SD,217000.0,309700.0,False,0.0,09:30:05
23000.0,1800,300.0,0.0,SD,217000.0,308700.0,False,0.0,09:30:03
23000.0,2200,300.0,0.0,SD,217000.0,306900.0,False,0.0,09:29:59
23000.0,7800,300.0,0.0,SD,217000.0,304700.0,False,-50.0,09:29:44
23050.0,200,350.0,0.0,BU,217000.0,296900.0,False,50.0,09:29:38
23000.0,2000,300.0,0.0,BU,216800.0,296900.0,False,0.0,09:29:38
23000.0,2000,300.0,0.0,BU,214800.0,296900.0,False,0.0,09:29:38
23000.0,100,300.0,0.0,BU,212800.0,296900.0,False,0.0,09:29:38
23000.0,500,300.0,0.0,BU,212700.0,296900.0,False,0.0,09:29:38
23000.0,100,300.0,0.0,BU,212200.0,296900.0,False,0.0,09:29:38
23000.0,500,300.0,0.0,BU,212100.0,296900.0,False,0.0,09:29:38
23000.0,600,300.0,0.0,BU,211600.0,296900.0,False,0.0,09:29:38
23000.0,300,300.0,0.0,BU,211000.0,296900.0,False,0.0,09:29:37
23000.0,500,300.0,0.0,BU,210700.0,296900.0,False,0.0,09:29:35
23000.0,500,300.0,0.0,BU,210200.0,296900.0,False,0.0,09:29:35
23000.0,3000,300.0,0.0,BU,209700.0,296900.0,False,0.0,09:29:35
23000.0,300,300.0,0.0,BU,206700.0,296900.0,False,0.0,09:29:35
23000.0,700,300.0,0.0,BU,206400.0,296900.0,False,0.0,09:29:35
23000.0,300,300.0,0.0,BU,205700.0,296900.0,False,0.0,09:29:34
23000.0,200,300.0,0.0,BU,205400.0,296900.0,False,0.0,09:29:34
23000.0,700,300.0,0.0,SD,205200.0,296900.0,False,0.0,09:29:19
23000.0,100,300.0,0.0,SD,205200.0,296200.0,False,0.0,09:29:19
23000.0,200,300.0,0.0,SD,205200.0,296100.0,False,0.0,09:29:17
23000.0,200,300.0,0.0,SD,205200.0,295900.0,False,0.0,09:29:16
23000.0,300,300.0,0.0,SD,205200.0,295700.0,False,0.0,09:29:16
23000.0,500,300.0,0.0,SD,205200.0,295400.0,False,0.0,09:29:16
23000.0,500,300.0,0.0,SD,205200.0,294900.0,False,0.0,09:29:16
23000.0,1000,300.0,0.0,SD,205200.0,294400.0,False,0.0,09:29:16
23000.0,2500,300.0,0.0,SD,205200.0,293400.0,False,0.0,09:29:16
23000.0,2000,300.0,0.0,SD,205200.0,290900.0,False,0.0,09:29:15
23000.0,500,300.0,0.0,SD,205200.0,288900.0,False,0.0,09:29:07
23000.0,700,300.0,0.0,SD,205200.0,288400.0,False,0.0,09:29:07
23000.0,1000,300.0,0.0,SD,205200.0,287700.0,False,0.0,09:29:07
23000.0,400,300.0,0.0,SD,205200.0,286700.0,False,0.0,09:29:07
23000.0,2000,300.0,0.0,SD,205200.0,286300.0,False,0.0,09:29:06
23000.0,5000,300.0,0.0,SD,205200.0,284300.0,False,0.0,09:28:53
23000.0,5000,300.0,0.0,SD,205200.0,279300.0,False,0.0,09:28:52
23000.0,300,300.0,0.0,SD,205200.0,274300.0,False,0.0,09:28:49
23000.0,100,300.0,0.0,BU,589800.0,516800.0,False,0.0,09:43:33
23000.0,300,300.0,0.0,BU,589700.0,516800.0,False,0.0,09:43:33
23000.0,400,300.0,0.0,BU,589400.0,516800.0,False,0.0,09:43:33
23000.0,100,300.0,0.0,BU,589000.0,516800.0,False,0.0,09:43:33
23000.0,1000,300.0,0.0,BU,588900.0,516800.0,False,0.0,09:43:33
23000.0,1500,300.0,0.0,BU,587900.0,516800.0,False,0.0,09:43:33
23000.0,500,300.0,0.0,BU,586400.0,516800.0,False,0.0,09:43:33
23000.0,10000,300.0,0.0,BU,585900.0,516800.0,True,0.0,09:43:33
23000.0,1000,300.0,0.0,BU,575900.0,516800.0,False,0.0,09:43:33
23000.0,100,300.0,0.0,BU,574900.0,516800.0,False,0.0,09:43:33
23000.0,4400,300.0,0.0,BU,574800.0,516800.0,False,0.0,09:43:33
23000.0,300,300.0,0.0,BU,570400.0,516800.0,False,0.0,09:43:33
23000.0,5000,300.0,0.0,BU,570100.0,516800.0,False,0.0,09:43:33
23000.0,400,300.0,0.0,BU,565100.0,516800.0,False,0.0,09:43:33
23000.0,800,300.0,0.0,BU,564700.0,516800.0,False,0.0,09:43:33
23000.0,500,300.0,0.0,BU,563900.0,516800.0,False,0.0,09:43:33
23000.0,2000,300.0,0.0,BU,563400.0,516800.0,False,0.0,09:43:33
23000.0,200,300.0,0.0,BU,561400.0,516800.0,False,0.0,09:43:33
23000.0,100,300.0,0.0,BU,561200.0,516800.0,False,0.0,09:43:33
23000.0,500,300.0,0.0,BU,561100.0,516800.0,False,0.0,09:43:30
23000.0,800,300.0,0.0,BU,560600.0,516800.0,False,0.0,09:43:30
23000.0,3300,300.0,0.0,BU,559800.0,516800.0,False,0.0,09:43:30
23000.0,1700,300.0,0.0,BU,556500.0,516800.0,False,0.0,09:43:28
23000.0,1500,300.0,0.0,BU,554800.0,516800.0,False,0.0,09:43:28
23000.0,1000,300.0,0.0,BU,553300.0,516800.0,False,0.0,09:43:28
23000.0,600,300.0,0.0,BU,552300.0,516800.0,False,0.0,09:43:28
23000.0,2500,300.0,0.0,BU,551700.0,516800.0,False,0.0,09:43:28
23000.0,100,300.0,0.0,BU,549200.0,516800.0,False,0.0,09:43:28
23000.0,2600,300.0,0.0,BU,549100.0,516800.0,False,0.0,09:43:28
23000.0,400,300.0,0.0,BU,546500.0,516800.0,False,0.0,09:43:27
23000.0,500,300.0,0.0,BU,546100.0,516800.0,False,0.0,09:43:27
23000.0,700,300.0,0.0,BU,545600.0,516800.0,False,0.0,09:43:27
23000.0,300,300.0,0.0,BU,544900.0,516800.0,False,0.0,09:43:21
23000.0,100,300.0,0.0,BU,544600.0,516800.0,False,0.0,09:43:21
23000.0,100,300.0,0.0,BU,544500.0,516800.0,False,0.0,09:43:21
23000.0,4500,300.0,0.0,BU,544400.0,516800.0,False,0.0,09:43:21
23000.0,10000,300.0,0.0,BU,539900.0,516800.0,True,50.0,09:43:19
22950.0,1000,250.0,0.0,SD,529900.0,516800.0,False,-50.0,09:43:14
23000.0,3500,300.0,0.0,BU,529900.0,515800.0,False,0.0,09:43:14
23000.0,400,300.0,0.0,BU,526400.0,515800.0,False,0.0,09:43:14
23000.0,6100,300.0,0.0,BU,526000.0,515800.0,False,0.0,09:43:14
23000.0,3900,300.0,0.0,BU,519900.0,515800.0,False,0.0,09:43:02
23000.0,500,300.0,0.0,BU,516000.0,515800.0,False,0.0,09:43:02
23000.0,5000,300.0,0.0,BU,515500.0,515800.0,False,0.0,09:43:02
23000.0,1000,300.0,0.0,BU,510500.0,515800.0,False,0.0,09:43:02
23000.0,300,300.0,0.0,BU,509500.0,515800.0,False,0.0,09:43:02
23000.0,2000,300.0,0.0,BU,509200.0,515800.0,False,0.0,09:43:02
23000.0,500,300.0,0.0,BU,507200.0,515800.0,False,0.0,09:43:02
23000.0,3200,300.0,0.0,BU,506700.0,515800.0,False,0.0,09:43:02
23000.0,2000,300.0,0.0,BU,503500.0,515800.0,False,0.0,09:43:02
23000.0,500,300.0,0.0,BU,501500.0,515800.0,False,0.0,09:43:02
23000.0,500,300.0,0.0,BU,501000.0,515800.0,False,0.0,09:43:02
23000.0,600,300.0,0.0,BU,500500.0,515800.0,False,0.0,09:43:02
23000.0,500,300.0,0.0,BU,499900.0,515800.0,False,0.0,09:43:02
23000.0,100,300.0,0.0,BU,499400.0,515800.0,False,0.0,09:43:02
23000.0,200,300.0,0.0,BU,499300.0,515800.0,False,0.0,09:43:02
23000.0,300,300.0,0.0,BU,499100.0,515800.0,False,0.0,09:43:02
23000.0,100,300.0,0.0,BU,498800.0,515800.0,False,0.0,09:43:02
23000.0,1000,300.0,0.0,BU,498700.0,515800.0,False,0.0,09:43:02
23000.0,300,300.0,0.0,BU,497700.0,515800.0,False,0.0,09:43:02
23000.0,100,300.0,0.0,BU,497400.0,515800.0,False,0.0,09:43:02
23000.0,100,300.0,0.0,BU,497300.0,515800.0,False,0.0,09:43:02
23000.0,3300,300.0,0.0,BU,497200.0,515800.0,False,0.0,09:43:02
23000.0,300,300.0,0.0,BU,493900.0,515800.0,False,0.0,09:42:09
23000.0,300,300.0,0.0,BU,493600.0,515800.0,False,0.0,09:42:03
23000.0,300,300.0,0.0,BU,493300.0,515800.0,False,0.0,09:42:02
23000.0,600,300.0,0.0,BU,493000.0,515800.0,False,50.0,09:41:54
22950.0,200,250.0,0.0,SD,492400.0,515800.0,False,0.0,09:41:49
22950.0,3000,250.0,0.0,SD,492400.0,515600.0,False,-50.0,09:41:35
23000.0,800,300.0,0.0,BU,492400.0,512600.0,False,0.0,09:41:35
23000.0,200,300.0,0.0,BU,491600.0,512600.0,False,0.0,09:41:35
23000.0,200,300.0,0.0,BU,491400.0,512600.0,False,0.0,09:41:29
23000.0,100,300.0,0.0,BU,491200.0,512600.0,False,0.0,09:41:29
23000.0,200,300.0,0.0,BU,491100.0,512600.0,False,50.0,09:41:08
22950.0,1100,250.0,0.0,SD,490900.0,512600.0,False,-50.0,09:41:06
23000.0,1000,300.0,0.0,BU,490900.0,511500.0,False,0.0,09:40:43
23000.0,700,300.0,0.0,BU,489900.0,511500.0,False,0.0,09:40:26
23000.0,600,300.0,0.0,BU,489200.0,511500.0,False,0.0,09:40:26
23000.0,1700,300.0,0.0,BU,488600.0,511500.0,False,50.0,09:40:26
22950.0,100,250.0,0.0,SD,486900.0,511500.0,False,-50.0,09:40:22
23000.0,300,300.0,0.0,BU,486900.0,511400.0,False,0.0,09:40:20
23000.0,700,300.0,0.0,BU,486600.0,511400.0,False,0.0,09:40:20
23000.0,200,300.0,0.0,BU,485900.0,511400.0,False,0.0,09:40:20
23000.0,1000,300.0,0.0,BU,485700.0,511400.0,False,0.0,09:40:20
23000.0,100,300.0,0.0,BU,484700.0,511400.0,False,0.0,09:40:20
23000.0,500,300.0,0.0,BU,484600.0,511400.0,False,0.0,09:40:20
23000.0,1000,300.0,0.0,BU,484100.0,511400.0,False,0.0,09:40:20
23000.0,6200,300.0,0.0,BU,483100.0,511400.0,False,50.0,09:40:20
22950.0,1000,250.0,0.0,SD,476900.0,511400.0,False,0.0,09:40:19
22950.0,1000,250.0,0.0,SD,476900.0,510400.0,False,0.0,09:40:11
22950.0,500,250.0,0.0,SD,476900.0,509400.0,False,0.0,09:40:07
22950.0,200,250.0,0.0,SD,476900.0,508900.0,False,0.0,09:40:00
22950.0,200,250.0,0.0,SD,476900.0,508700.0,False,-50.0,09:40:00
23000.0,50000,300.0,0.0,BU,476900.0,508500.0,True,50.0,09:39:59
22950.0,700,250.0,0.0,SD,426900.0,508500.0,False,0.0,09:39:56
22950.0,1100,250.0,0.0,SD,426900.0,507800.0,False,0.0,09:39:35
22950.0,100,250.0,0.0,SD,426900.0,506700.0,False,0.0,09:39:35
22950.0,900,250.0,0.0,SD,426900.0,506600.0,False,0.0,09:39:35
22950.0,600,250.0,0.0,SD,426900.0,505700.0,False,0.0,09:39:35
22950.0,2300,250.0,0.0,SD,426900.0,505100.0,False,0.0,09:39:35
22950.0,100,250.0,0.0,SD,173400.0,160800.0,False,-50.0,09:24:19
23000.0,4000,300.0,0.0,BU,173400.0,160700.0,False,0.0,09:24:18
23000.0,8200,300.0,0.0,BU,169400.0,160700.0,False,0.0,09:24:18
23000.0,1900,300.0,0.0,BU,161200.0,160700.0,False,0.0,09:24:18
23000.0,200,300.0,0.0,BU,159300.0,160700.0,False,0.0,09:24:18
23000.0,100,300.0,0.0,BU,159100.0,160700.0,False,0.0,09:24:18
23000.0,15100,300.0,0.0,BU,159000.0,160700.0,True,0.0,09:24:18
23000.0,500,300.0,0.0,BU,143900.0,160700.0,False,50.0,09:24:18
22950.0,500,250.0,0.0,SD,143400.0,160700.0,False,0.0,09:24:15
22950.0,500,250.0,0.0,SD,143400.0,160200.0,False,0.0,09:24:15
22950.0,1000,250.0,0.0,SD,143400.0,159700.0,False,0.0,09:24:15
22950.0,2000,250.0,0.0,SD,143400.0,158700.0,False,0.0,09:23:59
22950.0,2000,250.0,0.0,SD,143400.0,156700.0,False,0.0,09:23:52
22950.0,500,250.0,0.0,SD,143400.0,154700.0,False,0.0,09:23:52
22950.0,2500,250.0,0.0,SD,143400.0,154200.0,False,0.0,09:23:52
22950.0,3000,250.0,0.0,SD,143400.0,151700.0,False,0.0,09:23:50
22950.0,1000,250.0,0.0,SD,143400.0,148700.0,False,0.0,09:23:45
22950.0,3500,250.0,0.0,SD,143400.0,147700.0,False,0.0,09:23:42
22950.0,600,250.0,0.0,SD,143400.0,144200.0,False,0.0,09:23:42
22950.0,2000,250.0,0.0,SD,143400.0,143600.0,False,0.0,09:23:42
22950.0,500,250.0,0.0,SD,143400.0,141600.0,False,0.0,09:23:42
22950.0,500,250.0,0.0,SD,143400.0,141100.0,False,0.0,09:23:42
22950.0,300,250.0,0.0,SD,143400.0,140600.0,False,0.0,09:23:42
22950.0,100,250.0,0.0,SD,143400.0,140300.0,False,0.0,09:23:42
22950.0,2500,250.0,0.0,SD,143400.0,140200.0,False,0.0,09:23:42
22950.0,100,250.0,0.0,SD,143400.0,137700.0,False,0.0,09:23:33
22950.0,600,250.0,0.0,SD,143400.0,137600.0,False,0.0,09:23:29
22950.0,1800,250.0,0.0,SD,143400.0,137000.0,False,0.0,09:23:24
22950.0,1200,250.0,0.0,SD,143400.0,135200.0,False,0.0,09:23:24
22950.0,300,250.0,0.0,SD,143400.0,134000.0,False,0.0,09:23:14
22950.0,2000,250.0,0.0,SD,143400.0,133700.0,False,0.0,09:23:00
22950.0,300,250.0,0.0,SD,143400.0,131700.0,False,-50.0,09:22:34
23000.0,100,300.0,0.0,BU,143400.0,131400.0,False,50.0,09:22:34
22950.0,1000,250.0,0.0,SD,143300.0,131400.0,False,0.0,09:22:27
22950.0,100,250.0,0.0,SD,143300.0,130400.0,False,0.0,09:22:05
22950.0,200,250.0,0.0,SD,143300.0,130300.0,False,-50.0,09:22:05
23000.0,100,300.0,0.0,SD,143300.0,130100.0,False,0.0,09:22:05
23000.0,500,300.0,0.0,SD,143300.0,130000.0,False,0.0,09:22:05
23000.0,1000,300.0,0.0,SD,143300.0,129500.0,False,0.0,09:22:05
23000.0,10000,300.0,0.0,SD,143300.0,128500.0,True,0.0,09:22:05
23000.0,2000,300.0,0.0,SD,143300.0,118500.0,False,0.0,09:22:05
23000.0,10000,300.0,0.0,SD,143300.0,116500.0,True,0.0,09:22:05
23000.0,5300,300.0,0.0,SD,143300.0,106500.0,False,-50.0,09:22:05
23050.0,1700,350.0,0.0,BU,143300.0,101200.0,False,50.0,09:22:05
23000.0,4700,300.0,0.0,SD,141600.0,101200.0,False,0.0,09:21:56
23000.0,200,300.0,0.0,SD,141600.0,96500.0,False,0.0,09:21:56
23000.0,1600,300.0,0.0,SD,141600.0,96300.0,False,0.0,09:21:56
23000.0,1000,300.0,0.0,SD,141600.0,94700.0,False,0.0,09:21:56
23000.0,10000,300.0,0.0,SD,141600.0,93700.0,True,0.0,09:21:56
23000.0,2000,300.0,0.0,SD,141600.0,83700.0,False,0.0,09:21:56
23000.0,100,300.0,0.0,SD,141600.0,81700.0,False,0.0,09:21:56
23000.0,2000,300.0,0.0,SD,141600.0,81600.0,False,0.0,09:21:52
23000.0,8000,300.0,0.0,SD,141600.0,79600.0,False,-50.0,09:21:52
23050.0,1000,350.0,0.0,SD,141600.0,71600.0,False,0.0,09:21:40
23050.0,3200,350.0,0.0,SD,141600.0,70600.0,False,0.0,09:21:40
23050.0,1800,350.0,0.0,SD,141600.0,67400.0,False,0.0,09:21:40
23050.0,900,350.0,0.0,SD,141600.0,65600.0,False,0.0,09:21:40
23050.0,1200,350.0,0.0,SD,141600.0,64700.0,False,0.0,09:21:32
23050.0,3800,350.0,0.0,SD,141600.0,63500.0,False,0.0,09:21:32
23050.0,1200,350.0,0.0,SD,141600.0,59700.0,False,0.0,09:21:26
23050.0,800,350.0,0.0,SD,141600.0,58500.0,False,0.0,09:21:26
23050.0,100,350.0,0.0,SD,141600.0,57700.0,False,0.0,09:21:21
23050.0,100,350.0,0.0,SD,141600.0,57600.0,False,-50.0,09:21:04
23100.0,500,400.0,0.0,BU,141600.0,57500.0,False,50.0,09:20:51
23050.0,1000,350.0,0.0,SD,141100.0,57500.0,False,-50.0,09:20:46
23100.0,100,400.0,0.0,BU,141100.0,56500.0,False,50.0,09:20:33
23050.0,1000,350.0,0.0,BU,141000.0,56500.0,False,0.0,09:20:20
23050.0,3000,350.0,0.0,BU,140000.0,56500.0,False,0.0,09:20:15
23050.0,500,350.0,0.0,BU,137000.0,56500.0,False,0.0,09:20:14
23050.0,500,350.0,0.0,BU,136500.0,56500.0,False,0.0,09:20:06
23050.0,4500,350.0,0.0,BU,136000.0,56500.0,False,0.0,09:20:06
23050.0,500,350.0,0.0,SD,131500.0,56500.0,False,-50.0,09:20:01
23100.0,800,400.0,0.0,BU,131500.0,56000.0,False,0.0,09:19:57
23100.0,3000,400.0,0.0,BU,130700.0,56000.0,False,50.0,09:19:57
23050.0,100,350.0,0.0,SD,127700.0,56000.0,False,0.0,09:19:57
23050.0,1100,350.0,0.0,SD,127700.0,55900.0,False,0.0,09:19:54
23050.0,3900,350.0,0.0,SD,127700.0,54800.0,False,0.0,09:19:54
23050.0,600,350.0,0.0,BU,127700.0,50900.0,False,0.0,09:19:35
23050.0,100,350.0,0.0,BU,127100.0,50900.0,False,0.0,09:19:35
23050.0,5000,350.0,0.0,BU,127000.0,50900.0,False,0.0,09:19:35
23050.0,400,350.0,0.0,BU,122000.0,50900.0,False,0.0,09:19:35
23050.0,4600,350.0,0.0,BU,121600.0,50900.0,False,0.0,09:19:32
23050.0,100,350.0,0.0,BU,117000.0,50900.0,False,0.0,09:19:32
23050.0,300,350.0,0.0,BU,116900.0,50900.0,False,50.0,09:19:32
23000.0,1000,300.0,0.0,SD,116600.0,50900.0,False,0.0,09:19:19
23000.0,2000,300.0,0.0,SD,116600.0,49900.0,False,0.0,09:19:14
23000.0,400,300.0,0.0,SD,116600.0,47900.0,False,0.0,09:19:12
23000.0,600,300.0,0.0,BU,116600.0,47500.0,False,0.0,09:19:05
23000.0,600,300.0,0.0,BU,116000.0,47500.0,False,0.0,09:19:05
23000.0,900,300.0,0.0,BU,115400.0,47500.0,False,0.0,09:19:05
23000.0,200,300.0,0.0,BU,114500.0,47500.0,False,0.0,09:19:05
23000.0,1800,300.0,0.0,BU,114300.0,47500.0,False,0.0,09:19:05
23000.0,500,300.0,0.0,BU,112500.0,47500.0,False,0.0,09:19:05
23000.0,3000,300.0,0.0,BU,112000.0,47500.0,False,0.0,09:19:05
23000.0,1000,300.0,0.0,BU,109000.0,47500.0,False,0.0,09:19:05
23000.0,1000,300.0,0.0,BU,108000.0,47500.0,False,50.0,09:18:55
22950.0,100,250.0,0.0,SD,107000.0,47500.0,False,0.0,09:18:41
22950.0,300,250.0,0.0,SD,107000.0,47400.0,False,0.0,09:18:40
22950.0,600,250.0,0.0,SD,107000.0,47100.0,False,-50.0,09:18:40
23000.0,900,300.0,0.0,BU,107000.0,46500.0,False,0.0,09:18:40
23000.0,32600,300.0,0.0,BU,353800.0,402700.0,True,0.0,09:34:34
23000.0,1000,300.0,0.0,BU,321200.0,402700.0,False,0.0,09:34:34
23000.0,500,300.0,0.0,BU,320200.0,402700.0,False,0.0,09:34:34
23000.0,900,300.0,0.0,BU,319700.0,402700.0,False,50.0,09:34:34
22950.0,300,250.0,0.0,BU,318800.0,402700.0,False,0.0,09:34:33
22950.0,100,250.0,0.0,BU,318500.0,402700.0,False,0.0,09:34:21
22950.0,100,250.0,0.0,BU,318400.0,402700.0,False,0.0,09:34:21
22950.0,4300,250.0,0.0,BU,318300.0,402700.0,False,0.0,09:34:21
22950.0,700,250.0,0.0,BU,314000.0,402700.0,False,0.0,09:34:13
22950.0,300,250.0,0.0,BU,313300.0,402700.0,False,0.0,09:34:13
22950.0,5000,250.0,0.0,SD,313000.0,402700.0,False,0.0,09:34:03
22950.0,300,250.0,0.0,SD,313000.0,397700.0,False,0.0,09:34:03
22950.0,300,250.0,0.0,SD,313000.0,397400.0,False,0.0,09:34:03
22950.0,4100,250.0,0.0,SD,313000.0,397100.0,False,0.0,09:34:03
22950.0,100,250.0,0.0,SD,313000.0,393000.0,False,0.0,09:33:59
22950.0,800,250.0,0.0,SD,313000.0,392900.0,False,0.0,09:33:50
22950.0,200,250.0,0.0,SD,313000.0,392100.0,False,-50.0,09:33:50
23000.0,100,300.0,0.0,BU,313000.0,391900.0,False,50.0,09:33:39
22950.0,300,250.0,0.0,SD,312900.0,391900.0,False,0.0,09:33:35
22950.0,200,250.0,0.0,SD,312900.0,391600.0,False,-50.0,09:33:35
23000.0,1000,300.0,0.0,BU,312900.0,391400.0,False,-50.0,09:33:26
23050.0,1000,350.0,0.0,BU,311900.0,391400.0,False,0.0,09:33:23
23050.0,4800,350.0,0.0,BU,310900.0,391400.0,False,50.0,09:33:23
23000.0,2000,300.0,0.0,BU,306100.0,391400.0,False,0.0,09:33:23
23000.0,500,300.0,0.0,BU,304100.0,391400.0,False,0.0,09:33:23
23000.0,1700,300.0,0.0,BU,303600.0,391400.0,False,0.0,09:33:23
23000.0,5000,300.0,0.0,BU,301900.0,391400.0,False,0.0,09:33:22
23000.0,4000,300.0,0.0,BU,296900.0,391400.0,False,0.0,09:33:21
23000.0,2000,300.0,0.0,SD,292900.0,391400.0,False,0.0,09:33:17
23000.0,1000,300.0,0.0,SD,292900.0,389400.0,False,50.0,09:33:16
22950.0,800,250.0,0.0,SD,292900.0,388400.0,False,0.0,09:33:15
22950.0,200,250.0,0.0,SD,292900.0,387600.0,False,0.0,09:33:15
22950.0,1000,250.0,0.0,SD,292900.0,387400.0,False,0.0,09:33:15
22950.0,200,250.0,0.0,SD,292900.0,386400.0,False,0.0,09:33:15
22950.0,4000,250.0,0.0,SD,292900.0,386200.0,False,0.0,09:33:15
22950.0,10000,250.0,0.0,SD,292900.0,382200.0,True,-50.0,09:33:15
23000.0,3200,300.0,0.0,SD,292900.0,372200.0,False,50.0,09:33:15
22950.0,2000,250.0,0.0,SD,292900.0,369000.0,False,0.0,09:33:15
22950.0,500,250.0,0.0,SD,292900.0,367000.0,False,0.0,09:33:15
22950.0,3000,250.0,0.0,SD,292900.0,366500.0,False,0.0,09:33:15
22950.0,1000,250.0,0.0,SD,292900.0,363500.0,False,0.0,09:33:15
22950.0,4100,250.0,0.0,SD,292900.0,362500.0,False,-50.0,09:33:15
23000.0,1000,300.0,0.0,BU,292900.0,358400.0,False,0.0,09:33:00
23000.0,1000,300.0,0.0,BU,291900.0,358400.0,False,0.0,09:33:00
23000.0,500,300.0,0.0,BU,290900.0,358400.0,False,0.0,09:33:00
23000.0,1000,300.0,0.0,BU,290400.0,358400.0,False,0.0,09:33:00
23000.0,500,300.0,0.0,BU,289400.0,358400.0,False,0.0,09:33:00
23000.0,100,300.0,0.0,BU,288900.0,358400.0,False,0.0,09:33:00
23000.0,10500,300.0,0.0,BU,288800.0,358400.0,True,0.0,09:33:00
23000.0,200,300.0,0.0,BU,278300.0,358400.0,False,0.0,09:33:00
23000.0,2000,300.0,0.0,BU,278100.0,358400.0,False,0.0,09:33:00
23000.0,500,300.0,0.0,BU,276100.0,358400.0,False,0.0,09:32:33
23000.0,4500,300.0,0.0,BU,275600.0,358400.0,False,0.0,09:32:33
23000.0,500,300.0,0.0,BU,271100.0,358400.0,False,0.0,09:32:31
23000.0,100,300.0,0.0,BU,270600.0,358400.0,False,0.0,09:32:31
23000.0,1400,300.0,0.0,BU,270500.0,358400.0,False,0.0,09:32:31
23000.0,100,300.0,0.0,BU,269100.0,358400.0,False,0.0,09:32:30
23000.0,700,300.0,0.0,BU,269000.0,358400.0,False,0.0,09:32:30
23000.0,2000,300.0,0.0,BU,268300.0,358400.0,False,0.0,09:32:28
23000.0,100,300.0,0.0,BU,266300.0,358400.0,False,0.0,09:32:26
23000.0,200,300.0,0.0,BU,266200.0,358400.0,False,0.0,09:32:22
23000.0,2000,300.0,0.0,BU,266000.0,358400.0,False,0.0,09:32:21
23000.0,900,300.0,0.0,BU,264000.0,358400.0,False,0.0,09:32:20
23000.0,300,300.0,0.0,BU,263100.0,358400.0,False,0.0,09:32:19
23000.0,600,300.0,0.0,BU,262800.0,358400.0,False,0.0,09:32:19
23000.0,5000,300.0,0.0,BU,262200.0,358400.0,False,0.0,09:32:19
23000.0,10000,300.0,0.0,BU,257200.0,358400.0,True,0.0,09:32:19
23000.0,3200,300.0,0.0,BU,247200.0,358400.0,False,0.0,09:32:19
23000.0,5000,300.0,0.0,SD,244000.0,358400.0,False,0.0,09:32:17
23000.0,700,300.0,0.0,SD,244000.0,353400.0,False,0.0,09:32:13
23000.0,400,300.0,0.0,SD,244000.0,352700.0,False,0.0,09:32:05
23000.0,200,300.0,0.0,SD,244000.0,352300.0,False,0.0,09:32:01
23000.0,2100,300.0,0.0,SD,244000.0,352100.0,False,0.0,09:32:00
23000.0,400,300.0,0.0,SD,244000.0,350000.0,False,0.0,09:31:56
23000.0,400,300.0,0.0,SD,244000.0,349600.0,False,0.0,09:31:55
23000.0,700,300.0,0.0,SD,244000.0,349200.0,False,0.0,09:31:54
23000.0,1000,300.0,0.0,SD,244000.0,348500.0,False,0.0,09:31:53
23000.0,1000,300.0,0.0,BU,244000.0,347500.0,False,0.0,09:31:53
23000.0,100,300.0,0.0,BU,243000.0,347500.0,False,0.0,09:31:53
23000.0,100,300.0,0.0,BU,242900.0,347500.0,False,0.0,09:31:53
23000.0,1000,300.0,0.0,BU,242800.0,347500.0,False,0.0,09:31:53
23000.0,200,300.0,0.0,BU,241800.0,347500.0,False,0.0,09:31:53
23000.0,3000,300.0,0.0,BU,241600.0,347500.0,False,0.0,09:31:53
23000.0,100,300.0,0.0,BU,238600.0,347500.0,False,0.0,09:31:53
23000.0,400,300.0,0.0,BU,238500.0,347500.0,False,0.0,09:31:53
23000.0,600,300.0,0.0,BU,238100.0,347500.0,False,0.0,09:31:37
23000.0,3400,300.0,0.0,BU,237500.0,347500.0,False,50.0,09:31:37
22950.0,900,250.0,0.0,SD,234100.0,347500.0,False,0.0,09:31:32
22950.0,100,250.0,0.0,SD,234100.0,346600.0,False,0.0,09:31:32
22950.0,200,250.0,0.0,SD,234100.0,346500.0,False,-50.0,09:31:23
23000.0,10000,300.0,0.0,BU,234100.0,346300.0,True,50.0,09:31:16
22950.0,500,250.0,0.0,SD,224100.0,346300.0,False,-50.0,09:31:15
23000.0,10600,300.0,0.0,SD,224100.0,345800.0,True,0.0,09:31:05
23000.0,100,300.0,0.0,SD,224100.0,335200.0,False,0.0,09:31:04
23000.0,800,300.0,0.0,SD,224100.0,335100.0,False,0.0,09:30:56
23000.0,1000,300.0,0.0,SD,224100.0,334300.0,False,0.0,09:30:55
23000.0,1500,300.0,0.0,SD,224100.0,333300.0,False,0.0,09:30:54
23000.0,100,300.0,0.0,SD,224100.0,331800.0,False,0.0,09:30:53
23000.0,100,300.0,0.0,SD,224100.0,331700.0,False,0.0,09:30:49
23000.0,1000,300.0,0.0,SD,224100.0,331600.0,False,0.0,09:30:48
22950.0,3000,250.0,0.0,SD,14500.0,5700.0,False,50.0,09:15:41
22900.0,2000,200.0,0.0,SD,14500.0,2700.0,False,0.0,09:15:28
22900.0,4000,200.0,0.0,BU,14500.0,700.0,False,0.0,09:15:27
22900.0,200,200.0,0.0,BU,10500.0,700.0,False,0.0,09:15:27
22900.0,10000,200.0,0.0,BU,10300.0,700.0,True,50.0,09:15:27
22850.0,200,150.0,0.0,BU,300.0,700.0,False,0.0,09:15:27
22850.0,100,150.0,0.0,BU,100.0,700.0,False,50.0,09:15:27
22800.0,600,100.0,0.0,SD,0.0,700.0,False,0.0,09:15:02
22800.0,100,100.0,0.0,SD,0.0,100.0,False,0.0,09:15:02
22800.0,23300,100.0,0.0,,0.0,0.0,False,0.0,09:15:00
