p,v,cp,rcp,a,ba,sa,hl,pcp,t
18400.0,3200,-200.0,0.0,,9400.0,77400.0,False,50.0,14:45:00
18350.0,200,-250.0,0.0,SD,9400.0,77400.0,False,-50.0,14:27:41
18400.0,100,-200.0,0.0,SD,9400.0,77200.0,False,50.0,14:27:09
18350.0,3800,-250.0,0.0,SD,9400.0,77100.0,False,0.0,14:25:01
18350.0,300,-250.0,0.0,SD,9400.0,73300.0,False,0.0,14:24:30
18350.0,100,-250.0,0.0,SD,9400.0,73000.0,False,0.0,14:24:30
18350.0,400,-250.0,0.0,SD,9400.0,72900.0,False,0.0,14:23:33
18350.0,800,-250.0,0.0,BU,9400.0,72500.0,False,0.0,14:20:38
18350.0,100,-250.0,0.0,SD,8600.0,72500.0,False,0.0,14:18:59
18350.0,100,-250.0,0.0,SD,8600.0,72400.0,False,0.0,14:18:59
18350.0,1000,-250.0,0.0,SD,8600.0,72300.0,False,0.0,14:18:59
18350.0,1000,-250.0,0.0,SD,8600.0,71300.0,False,0.0,14:18:59
18350.0,500,-250.0,0.0,SD,8600.0,70300.0,False,-50.0,14:18:59
18400.0,16500,-200.0,0.0,SD,8600.0,69800.0,True,0.0,14:18:59
18400.0,13500,-200.0,0.0,SD,8600.0,53300.0,True,-100.0,14:17:46
18500.0,1300,-100.0,0.0,BU,8600.0,39800.0,False,0.0,14:14:16
18500.0,400,-100.0,0.0,BU,7300.0,39800.0,False,0.0,14:14:16
18500.0,200,-100.0,0.0,BU,6900.0,39800.0,False,100.0,14:13:52
18400.0,300,-200.0,0.0,BU,6700.0,37800.0,False,0.0,13:46:34
18400.0,200,-200.0,0.0,BU,6400.0,37800.0,False,0.0,13:45:09
18400.0,500,-200.0,0.0,BU,6200.0,37800.0,False,0.0,13:44:35
18400.0,1000,-200.0,0.0,BU,5700.0,37800.0,False,0.0,13:44:35
18400.0,3000,-200.0,0.0,SD,4700.0,37800.0,False,-100.0,13:44:29
18500.0,100,-100.0,0.0,BU,4700.0,34800.0,False,150.0,13:33:37
18350.0,200,-250.0,0.0,SD,4600.0,34800.0,False,0.0,13:26:36
18350.0,300,-250.0,0.0,SD,4600.0,34600.0,False,0.0,13:24:41
18350.0,200,-250.0,0.0,SD,4600.0,34300.0,False,0.0,13:24:41
18350.0,1000,-250.0,0.0,SD,4600.0,34100.0,False,0.0,13:24:41
18350.0,5000,-250.0,0.0,SD,4600.0,33100.0,False,0.0,13:24:41
18350.0,1000,-250.0,0.0,SD,4600.0,28100.0,False,0.0,13:24:41
18350.0,1000,-250.0,0.0,SD,4600.0,27100.0,False,-50.0,13:24:41
18400.0,1000,-200.0,0.0,SD,4600.0,26100.0,False,0.0,13:24:41
18400.0,500,-200.0,0.0,SD,4600.0,25100.0,False,-100.0,13:24:41
18500.0,200,-100.0,0.0,BU,4600.0,24600.0,False,0.0,13:17:18
18500.0,100,-100.0,0.0,SD,4400.0,24600.0,False,0.0,13:13:20
18500.0,100,-100.0,0.0,SD,4400.0,24500.0,False,0.0,13:12:44
18500.0,300,-100.0,0.0,SD,4400.0,24400.0,False,0.0,13:12:44
18500.0,400,-100.0,0.0,SD,4400.0,24100.0,False,0.0,13:12:44
18500.0,200,-100.0,0.0,SD,4400.0,23700.0,False,0.0,13:12:44
18500.0,1800,-100.0,0.0,BU,4400.0,23500.0,False,0.0,13:09:02
18500.0,200,-100.0,0.0,BU,2600.0,23500.0,False,100.0,13:03:50
18400.0,300,-200.0,0.0,BU,2400.0,23500.0,False,0.0,11:22:18
18400.0,1000,-200.0,0.0,SD,2100.0,23500.0,False,0.0,11:21:21
18400.0,1500,-200.0,0.0,SD,2100.0,22500.0,False,0.0,11:21:21
18400.0,200,-200.0,0.0,SD,2100.0,21000.0,False,0.0,11:21:21
18400.0,1000,-200.0,0.0,SD,2100.0,20800.0,False,0.0,11:21:21
18400.0,100,-200.0,0.0,BU,2100.0,19800.0,False,0.0,10:53:49
18400.0,700,-200.0,0.0,BU,2000.0,19800.0,False,0.0,10:53:49
18400.0,100,-200.0,0.0,SD,1300.0,19800.0,False,0.0,10:52:24
18400.0,2000,-200.0,0.0,SD,1300.0,19700.0,False,-50.0,10:52:24
18450.0,100,-150.0,0.0,SD,1300.0,17700.0,False,0.0,10:52:24
18450.0,100,-150.0,0.0,SD,1300.0,17600.0,False,-50.0,10:52:24
18500.0,100,-100.0,0.0,BU,1300.0,17500.0,False,0.0,10:49:56
18500.0,4000,-100.0,0.0,SD,1200.0,17500.0,False,0.0,10:47:22
18500.0,300,-100.0,0.0,SD,1200.0,13500.0,False,0.0,10:47:22
18500.0,100,-100.0,0.0,SD,1200.0,13200.0,False,0.0,10:47:22
18500.0,500,-100.0,0.0,SD,1200.0,13100.0,False,-50.0,10:47:22
18550.0,200,-50.0,0.0,BU,1200.0,12600.0,False,0.0,10:26:43
18550.0,300,-50.0,0.0,SD,1000.0,12600.0,False,0.0,10:23:18
18550.0,2700,-50.0,0.0,SD,1000.0,12300.0,False,0.0,10:23:18
18550.0,300,-50.0,0.0,SD,1000.0,9600.0,False,0.0,10:17:29
18550.0,2000,-50.0,0.0,SD,1000.0,9300.0,False,0.0,10:15:26
18550.0,600,-50.0,0.0,SD,1000.0,7300.0,False,0.0,10:14:38
18550.0,200,-50.0,0.0,SD,1000.0,6700.0,False,-50.0,10:14:38
18600.0,500,0.0,0.0,BU,1000.0,6500.0,False,0.0,10:07:22
18600.0,300,0.0,0.0,BU,500.0,6500.0,False,0.0,09:55:06
18600.0,3800,0.0,0.0,SD,200.0,6500.0,False,0.0,09:54:07
18600.0,100,0.0,0.0,SD,200.0,2700.0,False,0.0,09:53:24
18600.0,100,0.0,0.0,SD,200.0,2600.0,False,0.0,09:50:30
18600.0,1000,0.0,0.0,SD,200.0,2500.0,False,0.0,09:48:50
18600.0,500,0.0,0.0,SD,200.0,1500.0,False,0.0,09:46:37
18600.0,100,0.0,0.0,SD,200.0,1000.0,False,0.0,09:45:12
18600.0,300,0.0,0.0,SD,200.0,900.0,False,0.0,09:42:31
18600.0,100,0.0,0.0,SD,200.0,600.0,False,0.0,09:42:31
18600.0,500,0.0,0.0,SD,200.0,500.0,False,0.0,09:42:31
18600.0,100,0.0,0.0,BU,200.0,0.0,False,50.0,09:25:08
18550.0,100,-50.0,0.0,BU,100.0,0.0,False,0.0,09:24:09
