p,v,cp,rcp,a,ba,sa,hl,pcp,t
5500.0,63000,-100.0,0.0,,234800.0,1484500.0,False,-100.0,14:45:02
5600.0,100,0.0,0.0,BU,234800.0,1484500.0,False,100.0,14:29:54
5500.0,200,-100.0,0.0,SD,234700.0,1484500.0,False,100.0,14:29:50
5400.0,80000,-200.0,0.0,SD,234700.0,1484300.0,True,-100.0,14:29:30
5500.0,10000,-100.0,0.0,SD,234700.0,1404300.0,False,0.0,14:29:29
5500.0,1100,-100.0,0.0,SD,234700.0,1394300.0,False,0.0,14:29:18
5500.0,15700,-100.0,0.0,BU,234700.0,1393200.0,False,0.0,14:29:12
5500.0,1000,-100.0,0.0,BU,219000.0,1393200.0,False,0.0,14:29:10
5500.0,300,-100.0,0.0,BU,218000.0,1393200.0,False,0.0,14:29:05
5500.0,20000,-100.0,0.0,BU,217700.0,1393200.0,False,0.0,14:29:03
5500.0,10000,-100.0,0.0,BU,197700.0,1393200.0,False,0.0,14:28:53
5500.0,1000,-100.0,0.0,BU,187700.0,1393200.0,False,0.0,14:28:42
5500.0,13000,-100.0,0.0,BU,186700.0,1393200.0,False,0.0,14:28:04
5500.0,100,-100.0,0.0,BU,173700.0,1393200.0,False,0.0,14:25:51
5500.0,500,-100.0,0.0,BU,173600.0,1393200.0,False,100.0,14:25:36
5400.0,30000,-200.0,0.0,SD,173100.0,1393200.0,False,0.0,14:25:33
5400.0,10000,-200.0,0.0,SD,173100.0,1363200.0,False,-100.0,14:25:14
5500.0,100,-100.0,0.0,BU,173100.0,1353200.0,False,100.0,14:24:41
5400.0,1300,-200.0,0.0,SD,173000.0,1353200.0,False,0.0,14:24:17
5400.0,9000,-200.0,0.0,SD,173000.0,1351900.0,False,-100.0,14:23:11
5500.0,200,-100.0,0.0,BU,173000.0,1342900.0,False,100.0,14:22:35
5400.0,3800,-200.0,0.0,SD,172800.0,1342900.0,False,0.0,14:22:19
5400.0,20900,-200.0,0.0,SD,172800.0,1339100.0,False,-100.0,14:20:19
5500.0,7500,-100.0,0.0,BU,172800.0,1318200.0,False,0.0,14:19:44
5500.0,8400,-100.0,0.0,SD,165300.0,1318200.0,False,0.0,14:19:34
5500.0,5000,-100.0,0.0,SD,165300.0,1309800.0,False,0.0,14:19:32
5500.0,2000,-100.0,0.0,SD,165300.0,1304800.0,False,0.0,14:19:23
5500.0,3000,-100.0,0.0,SD,165300.0,1302800.0,False,0.0,14:19:07
5500.0,2500,-100.0,0.0,SD,165300.0,1299800.0,False,0.0,14:18:59
5500.0,20000,-100.0,0.0,SD,165300.0,1297300.0,False,0.0,14:18:50
5500.0,3000,-100.0,0.0,SD,165300.0,1277300.0,False,0.0,14:18:44
5500.0,5000,-100.0,0.0,SD,165300.0,1274300.0,False,0.0,14:18:37
5500.0,20000,-100.0,0.0,SD,165300.0,1269300.0,False,0.0,14:18:23
5500.0,1000,-100.0,0.0,SD,165300.0,1249300.0,False,0.0,14:17:57
5500.0,5000,-100.0,0.0,SD,165300.0,1248300.0,False,0.0,14:17:49
5500.0,8000,-100.0,0.0,SD,165300.0,1243300.0,False,0.0,14:17:44
5500.0,50000,-100.0,0.0,SD,165300.0,1235300.0,True,0.0,14:17:35
5500.0,128300,-100.0,0.0,SD,165300.0,1185300.0,True,0.0,14:17:32
5500.0,200,-100.0,0.0,SD,165300.0,1057000.0,False,0.0,14:16:40
5500.0,400,-100.0,0.0,SD,165300.0,1056800.0,False,0.0,14:09:59
5500.0,600,-100.0,0.0,SD,165300.0,1056400.0,False,0.0,14:09:45
5500.0,30000,-100.0,0.0,SD,165300.0,1055800.0,False,0.0,14:09:42
5500.0,2000,-100.0,0.0,SD,165300.0,1025800.0,False,0.0,14:09:21
5500.0,9000,-100.0,0.0,SD,165300.0,1023800.0,False,0.0,14:08:59
5500.0,1000,-100.0,0.0,SD,165300.0,1014800.0,False,0.0,14:08:16
5500.0,3000,-100.0,0.0,SD,165300.0,1013800.0,False,0.0,14:08:11
5500.0,1000,-100.0,0.0,SD,165300.0,1010800.0,False,0.0,14:08:00
5500.0,10000,-100.0,0.0,SD,165300.0,1009800.0,False,0.0,14:06:58
5500.0,1000,-100.0,0.0,SD,165300.0,999800.0,False,0.0,14:05:42
5500.0,1000,-100.0,0.0,SD,165300.0,998800.0,False,0.0,14:04:58
5500.0,6000,-100.0,0.0,SD,165300.0,997800.0,False,0.0,14:04:38
5500.0,500,-100.0,0.0,SD,165300.0,991800.0,False,0.0,14:04:18
5500.0,4000,-100.0,0.0,SD,165300.0,991300.0,False,-100.0,14:01:43
5600.0,100,0.0,0.0,BU,165300.0,987300.0,False,100.0,14:01:08
5500.0,8000,-100.0,0.0,SD,165200.0,987300.0,False,0.0,13:59:56
5500.0,10000,-100.0,0.0,SD,165200.0,979300.0,False,0.0,13:58:20
5500.0,52300,-100.0,0.0,SD,165200.0,969300.0,True,0.0,13:57:15
5500.0,5000,-100.0,0.0,SD,165200.0,917000.0,False,0.0,13:56:54
5500.0,100,-100.0,0.0,SD,165200.0,912000.0,False,0.0,13:56:45
5500.0,4800,-100.0,0.0,SD,165200.0,911900.0,False,0.0,13:55:12
5500.0,51600,-100.0,0.0,SD,165200.0,907100.0,True,0.0,13:55:10
5500.0,30000,-100.0,0.0,SD,165200.0,855500.0,False,0.0,13:54:52
5500.0,2000,-100.0,0.0,SD,165200.0,825500.0,False,0.0,13:53:37
5500.0,1600,-100.0,0.0,SD,165200.0,823500.0,False,0.0,13:53:21
5500.0,1100,-100.0,0.0,SD,165200.0,821900.0,False,0.0,13:52:20
5500.0,500,-100.0,0.0,SD,165200.0,820800.0,False,0.0,13:44:53
5500.0,500,-100.0,0.0,SD,165200.0,820300.0,False,0.0,13:43:56
5500.0,5200,-100.0,0.0,SD,165200.0,819800.0,False,0.0,13:43:49
5500.0,16400,-100.0,0.0,SD,165200.0,814600.0,False,0.0,13:43:48
5500.0,100,-100.0,0.0,SD,165200.0,798200.0,False,0.0,13:43:16
5500.0,100,-100.0,0.0,SD,165200.0,798100.0,False,0.0,13:43:06
5500.0,3000,-100.0,0.0,SD,165200.0,798000.0,False,0.0,13:42:36
5500.0,500,-100.0,0.0,SD,165200.0,795000.0,False,0.0,13:42:35
5500.0,200,-100.0,0.0,SD,165200.0,794500.0,False,0.0,13:40:34
5500.0,500,-100.0,0.0,SD,165200.0,794300.0,False,0.0,13:40:07
5500.0,10000,-100.0,0.0,SD,165200.0,793800.0,False,0.0,13:38:43
5500.0,1000,-100.0,0.0,SD,165200.0,783800.0,False,0.0,13:38:35
5500.0,2000,-100.0,0.0,SD,165200.0,782800.0,False,0.0,13:37:59
5500.0,800,-100.0,0.0,SD,165200.0,780800.0,False,0.0,13:37:57
5500.0,2000,-100.0,0.0,SD,165200.0,780000.0,False,0.0,13:37:39
5500.0,5000,-100.0,0.0,SD,165200.0,778000.0,False,0.0,13:37:05
5500.0,100,-100.0,0.0,SD,165200.0,773000.0,False,0.0,13:36:37
5500.0,900,-100.0,0.0,SD,165200.0,772900.0,False,0.0,13:35:56
5500.0,5900,-100.0,0.0,SD,165200.0,772000.0,False,0.0,13:35:40
5500.0,3100,-100.0,0.0,SD,165200.0,766100.0,False,0.0,13:35:30
5500.0,8400,-100.0,0.0,SD,165200.0,763000.0,False,0.0,13:34:46
5500.0,10000,-100.0,0.0,SD,165200.0,754600.0,False,0.0,13:33:29
5500.0,1000,-100.0,0.0,SD,165200.0,744600.0,False,0.0,13:33:19
5500.0,100,-100.0,0.0,SD,165200.0,743600.0,False,0.0,13:33:11
5500.0,500,-100.0,0.0,SD,165200.0,743500.0,False,0.0,13:33:00
5500.0,21200,-100.0,0.0,SD,165200.0,743000.0,False,0.0,13:32:58
5500.0,200,-100.0,0.0,SD,165200.0,721800.0,False,0.0,13:32:26
5500.0,300,-100.0,0.0,SD,165200.0,721600.0,False,0.0,13:32:09
5500.0,300000,-100.0,0.0,SD,165200.0,721300.0,True,-100.0,13:30:48
5600.0,11100,0.0,0.0,BU,165200.0,421300.0,False,100.0,13:30:12
5500.0,300,-100.0,0.0,SD,154100.0,421300.0,False,0.0,13:28:19
5500.0,1900,-100.0,0.0,SD,154100.0,421000.0,False,0.0,13:27:48
5500.0,153800,-100.0,0.0,SD,154100.0,419100.0,True,0.0,13:25:41
5500.0,5600,-100.0,0.0,SD,154100.0,265300.0,False,0.0,13:24:08
5500.0,600,-100.0,0.0,SD,154100.0,259700.0,False,0.0,13:22:53
5500.0,3200,-100.0,0.0,SD,154100.0,259100.0,False,0.0,13:21:43
5500.0,100,-100.0,0.0,SD,154100.0,255900.0,False,-100.0,13:19:07
5600.0,300,0.0,0.0,BU,154100.0,255800.0,False,0.0,13:16:58
5600.0,200,0.0,0.0,BU,153800.0,255800.0,False,0.0,13:16:00
5600.0,600,0.0,0.0,BU,153600.0,255800.0,False,0.0,13:12:27
5600.0,2000,0.0,0.0,BU,153000.0,255800.0,False,100.0,13:12:13
5500.0,500,-100.0,0.0,SD,151000.0,255800.0,False,0.0,13:09:38
5500.0,100,-100.0,0.0,SD,151000.0,255300.0,False,0.0,13:08:05
5500.0,200,-100.0,0.0,SD,151000.0,255200.0,False,-100.0,13:03:32
5600.0,2000,0.0,0.0,BU,151000.0,255000.0,False,0.0,13:03:05
5600.0,400,0.0,0.0,BU,149000.0,255000.0,False,100.0,13:00:10
5500.0,75900,-100.0,0.0,SD,148600.0,255000.0,True,-100.0,13:00:09
5600.0,100,0.0,0.0,BU,148600.0,179100.0,False,0.0,13:00:06
5600.0,300,0.0,0.0,BU,148500.0,179100.0,False,0.0,13:00:05
5600.0,100,0.0,0.0,BU,148200.0,179100.0,False,100.0,11:27:07
5500.0,1000,-100.0,0.0,SD,148100.0,179100.0,False,0.0,11:24:32
5500.0,100,-100.0,0.0,SD,148100.0,178100.0,False,-100.0,11:24:03
5600.0,500,0.0,0.0,BU,148100.0,178000.0,False,0.0,11:23:19
5600.0,200,0.0,0.0,BU,147600.0,178000.0,False,0.0,11:17:04
5600.0,200,0.0,0.0,BU,147400.0,178000.0,False,100.0,11:15:18
5500.0,1200,-100.0,0.0,SD,147200.0,178000.0,False,0.0,11:09:04
5500.0,100,-100.0,0.0,SD,147200.0,176800.0,False,0.0,11:07:33
5500.0,3800,-100.0,0.0,SD,147200.0,176700.0,False,0.0,11:07:24
5500.0,10000,-100.0,0.0,SD,147200.0,172900.0,False,0.0,11:05:48
5500.0,100,-100.0,0.0,SD,147200.0,162900.0,False,0.0,11:03:31
5500.0,5000,-100.0,0.0,SD,147200.0,162800.0,False,0.0,11:02:02
5500.0,200,-100.0,0.0,SD,147200.0,157800.0,False,-100.0,10:59:12
5600.0,100,0.0,0.0,BU,147200.0,157600.0,False,0.0,10:58:53
5600.0,100,0.0,0.0,BU,147100.0,157600.0,False,100.0,10:58:52
5500.0,1200,-100.0,0.0,SD,147000.0,157600.0,False,0.0,10:54:43
5500.0,500,-100.0,0.0,SD,147000.0,156400.0,False,0.0,10:53:21
5500.0,7000,-100.0,0.0,SD,147000.0,155900.0,False,-100.0,10:52:41
5600.0,1000,0.0,0.0,BU,147000.0,148900.0,False,0.0,10:51:10
5600.0,5000,0.0,0.0,BU,146000.0,148900.0,False,0.0,10:50:56
5600.0,900,0.0,0.0,BU,141000.0,148900.0,False,100.0,10:45:12
5500.0,80000,-100.0,0.0,SD,140100.0,148900.0,True,0.0,10:44:13
5500.0,7400,-100.0,0.0,SD,140100.0,68900.0,False,-100.0,10:39:12
5600.0,1000,0.0,0.0,BU,140100.0,61500.0,False,0.0,10:36:15
5600.0,5000,0.0,0.0,BU,139100.0,61500.0,False,0.0,10:23:42
5600.0,100,0.0,0.0,BU,134100.0,61500.0,False,100.0,10:17:52
5500.0,10000,-100.0,0.0,SD,134000.0,61500.0,False,-100.0,10:15:48
5600.0,1300,0.0,0.0,BU,134000.0,51500.0,False,100.0,10:13:00
5500.0,100,-100.0,0.0,SD,132700.0,51500.0,False,-100.0,10:11:26
5600.0,200,0.0,0.0,BU,132700.0,51400.0,False,0.0,10:08:48
5600.0,100,0.0,0.0,BU,132500.0,51400.0,False,100.0,10:08:26
5500.0,300,-100.0,0.0,SD,132400.0,51400.0,False,-100.0,10:08:07
5600.0,5000,0.0,0.0,BU,132400.0,51100.0,False,0.0,10:05:12
5600.0,1000,0.0,0.0,BU,127400.0,51100.0,False,100.0,10:03:17
5500.0,3600,-100.0,0.0,SD,126400.0,51100.0,False,0.0,10:02:23
5500.0,2000,-100.0,0.0,SD,126400.0,47500.0,False,-100.0,09:59:14
5600.0,2000,0.0,0.0,BU,126400.0,45500.0,False,100.0,09:48:03
5500.0,100,-100.0,0.0,SD,124400.0,45500.0,False,0.0,09:47:11
5500.0,500,-100.0,0.0,SD,124400.0,45400.0,False,0.0,09:46:34
5500.0,500,-100.0,0.0,SD,124400.0,44900.0,False,0.0,09:46:20
5500.0,1000,-100.0,0.0,SD,124400.0,44400.0,False,0.0,09:42:07
5500.0,1500,-100.0,0.0,SD,124400.0,43400.0,False,0.0,09:41:40
5500.0,400,-100.0,0.0,SD,124400.0,41900.0,False,0.0,09:40:39
5500.0,5000,-100.0,0.0,SD,124400.0,41500.0,False,0.0,09:39:51
5500.0,10000,-100.0,0.0,SD,124400.0,36500.0,False,0.0,09:36:51
5500.0,100,-100.0,0.0,SD,124400.0,26500.0,False,0.0,09:35:00
5500.0,100,-100.0,0.0,SD,124400.0,26400.0,False,0.0,09:33:46
5500.0,100,-100.0,0.0,SD,124400.0,26300.0,False,-100.0,09:30:14
5600.0,500,0.0,0.0,BU,124400.0,26200.0,False,0.0,09:27:52
5600.0,1200,0.0,0.0,BU,123900.0,26200.0,False,0.0,09:27:42
5600.0,2400,0.0,0.0,SD,122700.0,26200.0,False,0.0,09:27:35
5600.0,2000,0.0,0.0,BU,122700.0,23800.0,False,0.0,09:26:36
5600.0,300,0.0,0.0,BU,120700.0,23800.0,False,0.0,09:26:33
5600.0,2000,0.0,0.0,BU,120400.0,23800.0,False,0.0,09:26:12
5600.0,3000,0.0,0.0,SD,118400.0,23800.0,False,0.0,09:25:58
5600.0,2500,0.0,0.0,BU,118400.0,20800.0,False,0.0,09:25:53
5600.0,5000,0.0,0.0,BU,115900.0,20800.0,False,0.0,09:25:31
5600.0,300,0.0,0.0,BU,110900.0,20800.0,False,0.0,09:25:07
5600.0,100,0.0,0.0,BU,110600.0,20800.0,False,0.0,09:24:39
5600.0,8500,0.0,0.0,BU,110500.0,20800.0,False,0.0,09:23:44
5600.0,10500,0.0,0.0,SD,102000.0,20800.0,False,0.0,09:23:21
5600.0,4400,0.0,0.0,SD,102000.0,10300.0,False,0.0,09:22:54
5600.0,1000,0.0,0.0,SD,102000.0,5900.0,False,0.0,09:21:38
5600.0,4900,0.0,0.0,SD,102000.0,4900.0,False,0.0,09:19:40
5600.0,400,0.0,0.0,BU,102000.0,0.0,False,0.0,09:19:39
5600.0,1000,0.0,0.0,BU,101600.0,0.0,False,0.0,09:19:37
5600.0,5000,0.0,0.0,BU,100600.0,0.0,False,0.0,09:19:29
5600.0,8000,0.0,0.0,BU,95600.0,0.0,False,0.0,09:19:24
5600.0,500,0.0,0.0,BU,87600.0,0.0,False,0.0,09:19:18
5600.0,5000,0.0,0.0,BU,87100.0,0.0,False,0.0,09:18:49
5600.0,2000,0.0,0.0,BU,82100.0,0.0,False,0.0,09:18:48
5600.0,2500,0.0,0.0,BU,80100.0,0.0,False,0.0,09:18:38
5600.0,4000,0.0,0.0,BU,77600.0,0.0,False,0.0,09:18:29
5600.0,100,0.0,0.0,BU,73600.0,0.0,False,0.0,09:14:22
5600.0,15000,0.0,0.0,BU,73500.0,0.0,False,0.0,09:13:21
5600.0,1200,0.0,0.0,BU,58500.0,0.0,False,0.0,09:10:13
5600.0,600,0.0,0.0,BU,57300.0,0.0,False,0.0,09:05:50
5600.0,200,0.0,0.0,BU,56700.0,0.0,False,0.0,09:05:30
5600.0,1000,0.0,0.0,BU,56500.0,0.0,False,0.0,09:05:26
5600.0,3000,0.0,0.0,BU,55500.0,0.0,False,0.0,09:00:07
5600.0,50100,0.0,0.0,BU,52500.0,0.0,True,0.0,09:00:06
5600.0,2400,0.0,0.0,BU,2400.0,0.0,False,0.0,09:00:03
