p,v,cp,rcp,a,ba,sa,hl,pcp,t
5660.0,4500,10.0,0.0,,100400.0,71400.0,False,0.0,14:45:01
5660.0,500,10.0,0.0,BU,100400.0,71400.0,False,10.0,14:27:59
5650.0,100,0.0,0.0,SD,99900.0,71400.0,False,0.0,14:22:32
5650.0,4600,0.0,0.0,SD,99900.0,71300.0,False,0.0,14:22:32
5650.0,1000,0.0,0.0,SD,99900.0,66700.0,False,0.0,14:22:32
5650.0,300,0.0,0.0,SD,99900.0,65700.0,False,-10.0,14:22:32
5660.0,1000,10.0,0.0,SD,99900.0,65400.0,False,0.0,14:21:25
5660.0,100,10.0,0.0,SD,99900.0,64400.0,False,-20.0,14:21:25
5680.0,200,30.0,0.0,BU,99900.0,64300.0,False,0.0,14:15:17
5680.0,500,30.0,0.0,BU,99700.0,64300.0,False,0.0,14:14:32
5680.0,1000,30.0,0.0,BU,99200.0,64300.0,False,0.0,14:14:32
5680.0,1300,30.0,0.0,BU,98200.0,64300.0,False,0.0,14:14:32
5680.0,100,30.0,0.0,BU,96900.0,64300.0,False,0.0,14:07:33
5680.0,3200,30.0,0.0,BU,96800.0,64300.0,False,0.0,14:06:42
5680.0,1000,30.0,0.0,SD,93600.0,64300.0,False,0.0,14:04:21
5680.0,100,30.0,0.0,SD,93600.0,63300.0,False,0.0,14:04:21
5680.0,4300,30.0,0.0,SD,93600.0,63200.0,False,0.0,14:04:21
5680.0,100,30.0,0.0,SD,93600.0,58900.0,False,0.0,14:03:41
5680.0,1800,30.0,0.0,SD,93600.0,58800.0,False,-40.0,14:03:30
5720.0,100,70.0,0.0,BU,93600.0,57000.0,False,10.0,13:59:52
5710.0,600,60.0,0.0,BU,93500.0,57000.0,False,-10.0,13:59:41
5720.0,100,70.0,0.0,BU,92900.0,57000.0,False,10.0,13:59:41
5710.0,100,60.0,0.0,BU,92800.0,57000.0,False,10.0,13:59:41
5700.0,100,50.0,0.0,BU,92700.0,57000.0,False,20.0,13:59:41
5680.0,13800,30.0,0.0,BU,92600.0,57000.0,False,0.0,13:55:34
5680.0,4000,30.0,0.0,BU,78800.0,57000.0,False,0.0,13:55:30
5680.0,30000,30.0,0.0,SD,74800.0,57000.0,False,-10.0,13:54:38
5690.0,1000,40.0,0.0,SD,74800.0,27000.0,False,0.0,13:54:38
5690.0,200,40.0,0.0,SD,74800.0,26000.0,False,-10.0,13:54:38
5700.0,1000,50.0,0.0,SD,74800.0,25800.0,False,-30.0,13:54:38
5730.0,100,80.0,0.0,BU,74800.0,24800.0,False,0.0,13:47:27
5730.0,100,80.0,0.0,BU,74700.0,24800.0,False,30.0,13:47:27
5700.0,200,50.0,0.0,BU,74600.0,24800.0,False,-10.0,13:47:01
5710.0,100,60.0,0.0,BU,74400.0,24800.0,False,10.0,13:47:01
5700.0,100,50.0,0.0,BU,74300.0,24800.0,False,10.0,13:47:01
5690.0,100,40.0,0.0,BU,74200.0,24800.0,False,-10.0,13:47:01
5700.0,600,50.0,0.0,BU,74100.0,24800.0,False,0.0,13:47:01
5700.0,100,50.0,0.0,BU,73500.0,24800.0,False,10.0,13:47:01
5690.0,100,40.0,0.0,BU,73400.0,24800.0,False,10.0,13:47:01
5680.0,500,30.0,0.0,BU,73300.0,24800.0,False,0.0,13:46:35
5680.0,43900,30.0,0.0,BU,72800.0,24800.0,True,10.0,13:46:35
5670.0,7400,20.0,0.0,BU,28900.0,24800.0,False,0.0,13:46:35
5670.0,600,20.0,0.0,BU,21500.0,24800.0,False,0.0,13:46:28
5670.0,2000,20.0,0.0,SD,20900.0,24800.0,False,0.0,13:46:12
5670.0,100,20.0,0.0,BU,20900.0,22800.0,False,0.0,13:44:48
5670.0,100,20.0,0.0,BU,20800.0,22800.0,False,0.0,13:43:24
5670.0,100,20.0,0.0,BU,20700.0,22800.0,False,0.0,13:41:19
5670.0,100,20.0,0.0,BU,20600.0,22800.0,False,0.0,13:32:02
5670.0,100,20.0,0.0,BU,20500.0,22800.0,False,0.0,13:28:59
5670.0,100,20.0,0.0,SD,20400.0,22800.0,False,0.0,13:23:44
5670.0,100,20.0,0.0,BU,20400.0,22700.0,False,0.0,13:23:19
5670.0,600,20.0,0.0,BU,20300.0,22700.0,False,0.0,13:22:06
5670.0,100,20.0,0.0,BU,19700.0,22700.0,False,10.0,13:16:49
5660.0,1500,10.0,0.0,BU,19600.0,22700.0,False,0.0,13:14:41
5660.0,3000,10.0,0.0,BU,18100.0,22700.0,False,0.0,13:14:22
5660.0,500,10.0,0.0,BU,15100.0,22700.0,False,10.0,13:05:57
5650.0,200,0.0,0.0,SD,14600.0,22700.0,False,0.0,13:00:05
5650.0,500,0.0,0.0,SD,14600.0,22500.0,False,-20.0,13:00:05
5670.0,1900,20.0,0.0,BU,14600.0,22000.0,False,-10.0,11:10:43
5680.0,6100,30.0,0.0,BU,12700.0,22000.0,False,0.0,11:10:43
5680.0,2100,30.0,0.0,BU,6600.0,22000.0,False,30.0,11:10:43
5650.0,4000,0.0,0.0,SD,4500.0,22000.0,False,-20.0,11:03:20
5670.0,100,20.0,0.0,BU,4500.0,18000.0,False,30.0,10:54:39
5640.0,400,-10.0,0.0,SD,4400.0,18000.0,False,-10.0,10:52:10
5650.0,800,0.0,0.0,SD,4400.0,17600.0,False,0.0,10:50:47
5650.0,300,0.0,0.0,SD,4400.0,16800.0,False,-10.0,10:50:47
5660.0,500,10.0,0.0,BU,4400.0,16500.0,False,10.0,10:50:07
5650.0,100,0.0,0.0,SD,3900.0,16500.0,False,-10.0,10:44:55
5660.0,1000,10.0,0.0,BU,3900.0,16400.0,False,0.0,10:27:35
5660.0,100,10.0,0.0,BU,2900.0,16400.0,False,0.0,10:22:33
5660.0,700,10.0,0.0,SD,2800.0,16400.0,False,0.0,10:17:10
5660.0,200,10.0,0.0,SD,2800.0,15700.0,False,0.0,10:17:10
5660.0,500,10.0,0.0,SD,2800.0,15500.0,False,0.0,10:12:59
5660.0,200,10.0,0.0,SD,2800.0,15000.0,False,0.0,10:12:59
5660.0,800,10.0,0.0,SD,2800.0,14800.0,False,0.0,10:12:59
5660.0,1500,10.0,0.0,SD,2800.0,14000.0,False,0.0,10:01:57
5660.0,5700,10.0,0.0,SD,2800.0,12500.0,False,-10.0,10:00:55
5670.0,2000,20.0,0.0,SD,2800.0,6800.0,False,0.0,10:00:55
5670.0,1000,20.0,0.0,SD,2800.0,4800.0,False,0.0,10:00:55
5670.0,200,20.0,0.0,SD,2800.0,3800.0,False,-10.0,10:00:55
5680.0,100,30.0,0.0,SD,2800.0,3600.0,False,0.0,10:00:55
5680.0,500,30.0,0.0,SD,2800.0,3500.0,False,-30.0,09:59:34
5710.0,100,60.0,0.0,BU,2800.0,3000.0,False,40.0,09:52:25
5670.0,1800,20.0,0.0,SD,2700.0,3000.0,False,0.0,09:50:39
5670.0,200,20.0,0.0,SD,2700.0,1200.0,False,-80.0,09:50:39
5750.0,100,100.0,0.0,BU,2700.0,1000.0,False,-10.0,09:27:51
5760.0,100,110.0,0.0,BU,2600.0,1000.0,False,120.0,09:22:10
5640.0,400,-10.0,0.0,SD,2500.0,1000.0,False,0.0,09:21:31
5640.0,400,-10.0,0.0,SD,2500.0,600.0,False,0.0,09:21:31
5640.0,200,-10.0,0.0,SD,2500.0,200.0,False,-10.0,09:21:31
5650.0,700,0.0,0.0,BU,2500.0,0.0,False,0.0,09:21:16
5650.0,1800,0.0,0.0,BU,1800.0,0.0,False,0.0,09:21:16
5650.0,1300,0.0,0.0,,0.0,0.0,False,0.0,09:15:00
