p,v,cp,rcp,a,ba,sa,hl,pcp,t
3740.0,700,-30.0,0.0,,51500.0,116900.0,False,10.0,14:45:02
3730.0,500,-40.0,0.0,SD,51500.0,116900.0,False,0.0,14:29:41
3730.0,100,-40.0,0.0,SD,51500.0,116400.0,False,-10.0,14:29:41
3740.0,1100,-30.0,0.0,SD,51500.0,116300.0,False,0.0,14:27:43
3740.0,15300,-30.0,0.0,SD,51500.0,115200.0,False,-10.0,14:26:57
3750.0,200,-20.0,0.0,BU,51500.0,99900.0,False,0.0,14:19:39
3750.0,200,-20.0,0.0,BU,51300.0,99900.0,False,0.0,14:19:39
3750.0,500,-20.0,0.0,BU,51100.0,99900.0,False,0.0,14:18:55
3750.0,100,-20.0,0.0,SD,50600.0,99900.0,False,-10.0,14:18:25
3760.0,100,-10.0,0.0,BU,50600.0,99800.0,False,10.0,14:17:55
3750.0,500,-20.0,0.0,SD,50500.0,99800.0,False,0.0,14:17:31
3750.0,500,-20.0,0.0,SD,50500.0,99300.0,False,10.0,14:17:31
3740.0,1000,-30.0,0.0,SD,50500.0,98800.0,False,0.0,14:12:45
3740.0,2600,-30.0,0.0,SD,50500.0,97800.0,False,0.0,14:11:58
3740.0,500,-30.0,0.0,SD,50500.0,95200.0,False,0.0,14:11:58
3740.0,400,-30.0,0.0,SD,50500.0,94700.0,False,0.0,14:11:58
3740.0,100,-30.0,0.0,SD,50500.0,94300.0,False,0.0,14:11:52
3740.0,200,-30.0,0.0,SD,50500.0,94200.0,False,0.0,14:11:52
3740.0,500,-30.0,0.0,SD,50500.0,94000.0,False,0.0,14:11:52
3740.0,200,-30.0,0.0,SD,50500.0,93500.0,False,-10.0,14:11:52
3750.0,100,-20.0,0.0,BU,50500.0,93300.0,False,0.0,14:11:41
3760.0,200,-10.0,0.0,BU,50400.0,91300.0,False,20.0,13:56:05
3740.0,100,-30.0,0.0,SD,50200.0,91300.0,False,0.0,13:55:56
3740.0,600,-30.0,0.0,SD,50200.0,91200.0,False,0.0,13:55:56
3740.0,400,-30.0,0.0,SD,50200.0,90600.0,False,0.0,13:55:41
3740.0,500,-30.0,0.0,SD,50200.0,90200.0,False,0.0,13:55:41
3740.0,100,-30.0,0.0,SD,50200.0,89700.0,False,0.0,13:55:41
3750.0,200,-20.0,0.0,BU,50200.0,88600.0,False,-10.0,13:48:21
3760.0,1200,-10.0,0.0,BU,50000.0,88600.0,False,0.0,13:31:08
3760.0,3500,-10.0,0.0,BU,48800.0,88600.0,False,0.0,13:31:08
3760.0,1300,-10.0,0.0,BU,45300.0,88600.0,False,0.0,13:31:08
3760.0,500,-10.0,0.0,BU,44000.0,88600.0,False,10.0,13:31:08
3750.0,300,-20.0,0.0,BU,43500.0,88600.0,False,0.0,13:31:08
3750.0,200,-20.0,0.0,BU,43200.0,88600.0,False,0.0,13:31:08
3750.0,500,-20.0,0.0,BU,43000.0,88600.0,False,0.0,13:30:29
3750.0,6200,-20.0,0.0,BU,42500.0,88600.0,False,0.0,13:30:29
3750.0,1000,-20.0,0.0,BU,36300.0,88600.0,False,10.0,13:30:29
3740.0,300,-30.0,0.0,BU,35300.0,88600.0,False,0.0,13:30:29
3740.0,100,-30.0,0.0,BU,35000.0,88600.0,False,10.0,13:29:40
3730.0,300,-40.0,0.0,BU,34900.0,88600.0,False,0.0,13:29:40
3730.0,100,-40.0,0.0,BU,34600.0,88600.0,False,10.0,13:28:31
3720.0,100,-50.0,0.0,BU,34500.0,88600.0,False,0.0,13:27:08
3720.0,5000,-50.0,0.0,BU,34400.0,88600.0,False,0.0,13:26:53
3720.0,500,-50.0,0.0,BU,29400.0,88600.0,False,0.0,13:25:51
3720.0,200,-50.0,0.0,BU,28900.0,88600.0,False,0.0,13:25:51
3720.0,200,-50.0,0.0,SD,28700.0,88600.0,False,0.0,13:24:07
3720.0,600,-50.0,0.0,SD,28700.0,88400.0,False,-10.0,13:23:45
3730.0,400,-40.0,0.0,SD,28700.0,87800.0,False,-10.0,13:23:45
3740.0,100,-30.0,0.0,BU,28700.0,87400.0,False,0.0,13:13:44
3740.0,100,-30.0,0.0,BU,28600.0,87400.0,False,10.0,13:01:01
3730.0,500,-40.0,0.0,BU,28500.0,87400.0,False,30.0,13:00:34
3700.0,500,-70.0,0.0,SD,28000.0,87400.0,False,0.0,13:00:34
3700.0,200,-70.0,0.0,SD,28000.0,86900.0,False,-10.0,13:00:00
3710.0,200,-60.0,0.0,SD,28000.0,86700.0,False,0.0,13:00:00
3710.0,200,-60.0,0.0,SD,28000.0,86500.0,False,0.0,13:00:00
3710.0,600,-60.0,0.0,SD,28000.0,86300.0,False,-10.0,13:00:00
3720.0,500,-50.0,0.0,SD,28000.0,85700.0,False,0.0,13:00:00
3720.0,100,-50.0,0.0,SD,28000.0,85200.0,False,-10.0,13:00:00
3730.0,100,-40.0,0.0,SD,28000.0,85100.0,False,0.0,13:00:00
3730.0,100,-40.0,0.0,SD,28000.0,85000.0,False,-10.0,13:00:00
3740.0,200,-30.0,0.0,BU,28000.0,84900.0,False,0.0,11:28:01
3740.0,100,-30.0,0.0,BU,27800.0,84900.0,False,0.0,11:23:01
3740.0,100,-30.0,0.0,BU,27700.0,84900.0,False,0.0,11:22:31
3740.0,100,-30.0,0.0,BU,27600.0,84900.0,False,30.0,11:16:10
3710.0,400,-60.0,0.0,SD,27500.0,84900.0,False,0.0,11:12:58
3710.0,200,-60.0,0.0,SD,27500.0,84500.0,False,0.0,11:12:58
3710.0,200,-60.0,0.0,SD,27500.0,84300.0,False,0.0,11:12:58
3710.0,1000,-60.0,0.0,SD,27500.0,84100.0,False,-20.0,11:12:58
3730.0,1000,-40.0,0.0,SD,27500.0,83100.0,False,-10.0,11:12:36
3740.0,200,-30.0,0.0,BU,27500.0,82100.0,False,0.0,11:12:28
3740.0,100,-30.0,0.0,BU,27300.0,82100.0,False,40.0,11:02:20
3700.0,2700,-70.0,0.0,SD,27200.0,82100.0,False,0.0,10:56:26
3700.0,200,-70.0,0.0,SD,27200.0,79400.0,False,-20.0,10:56:26
3720.0,1800,-50.0,0.0,SD,27200.0,79200.0,False,-40.0,10:56:26
3760.0,100,-10.0,0.0,BU,27200.0,77400.0,False,0.0,10:51:35
3760.0,1600,-10.0,0.0,BU,27100.0,77400.0,False,0.0,10:40:45
3760.0,800,-10.0,0.0,BU,25500.0,77400.0,False,0.0,10:39:40
3760.0,300,-10.0,0.0,BU,24700.0,77400.0,False,0.0,10:38:24
3760.0,300,-10.0,0.0,BU,24400.0,77400.0,False,0.0,10:36:56
3760.0,600,-10.0,0.0,BU,24100.0,77400.0,False,10.0,10:35:58
3750.0,400,-20.0,0.0,BU,23500.0,77400.0,False,-10.0,10:35:58
3760.0,100,-10.0,0.0,BU,23100.0,77400.0,False,10.0,10:34:47
3750.0,600,-20.0,0.0,BU,23000.0,77400.0,False,0.0,10:34:47
3750.0,300,-20.0,0.0,BU,22400.0,77400.0,False,0.0,10:34:47
3750.0,100,-20.0,0.0,BU,22100.0,77400.0,False,50.0,10:29:35
3700.0,100,-70.0,0.0,SD,22000.0,77400.0,False,0.0,10:29:13
3700.0,500,-70.0,0.0,SD,22000.0,77300.0,False,0.0,10:29:13
3700.0,300,-70.0,0.0,SD,22000.0,76800.0,False,-10.0,10:29:13
3710.0,500,-60.0,0.0,SD,22000.0,76500.0,False,0.0,10:29:13
3710.0,600,-60.0,0.0,SD,22000.0,76000.0,False,-40.0,10:29:13
3750.0,100,-20.0,0.0,BU,22000.0,75400.0,False,30.0,10:27:37
3720.0,7200,-50.0,0.0,BU,21900.0,75400.0,False,0.0,10:27:19
3720.0,700,-50.0,0.0,BU,14700.0,75400.0,False,0.0,10:26:52
3720.0,100,-50.0,0.0,BU,14000.0,75400.0,False,20.0,10:21:20
3700.0,300,-70.0,0.0,BU,13900.0,75400.0,False,0.0,10:21:00
3700.0,500,-70.0,0.0,SD,13600.0,75400.0,False,0.0,10:20:49
3700.0,600,-70.0,0.0,SD,13600.0,74900.0,False,0.0,10:20:49
3700.0,1000,-70.0,0.0,SD,13600.0,74300.0,False,0.0,10:20:49
3700.0,1500,-70.0,0.0,SD,13600.0,73300.0,False,0.0,10:20:49
3700.0,1100,-70.0,0.0,SD,13600.0,71800.0,False,0.0,10:20:49
3700.0,600,-70.0,0.0,SD,13600.0,74900.0,False,0.0,10:20:49
3700.0,1000,-70.0,0.0,SD,13600.0,74300.0,False,0.0,10:20:49
3700.0,1500,-70.0,0.0,SD,13600.0,73300.0,False,0.0,10:20:49
3700.0,1100,-70.0,0.0,SD,13600.0,71800.0,False,0.0,10:20:49
3700.0,300,-70.0,0.0,SD,13600.0,70700.0,False,0.0,10:20:49
3700.0,700,-70.0,0.0,SD,13600.0,70400.0,False,-20.0,10:20:49
3720.0,400,-50.0,0.0,BU,13600.0,69700.0,False,0.0,10:20:04
3720.0,100,-50.0,0.0,BU,13200.0,69700.0,False,20.0,10:19:06
3700.0,100,-70.0,0.0,SD,13100.0,69700.0,False,0.0,10:18:42
3700.0,400,-70.0,0.0,SD,13100.0,69600.0,False,0.0,10:18:42
3700.0,1000,-70.0,0.0,SD,13100.0,69200.0,False,0.0,10:18:42
3700.0,500,-70.0,0.0,SD,13100.0,68200.0,False,0.0,10:18:42
3700.0,4400,-70.0,0.0,SD,13100.0,67700.0,False,-10.0,10:18:42
3710.0,100,-60.0,0.0,BU,13100.0,63300.0,False,0.0,10:18:42
3710.0,500,-60.0,0.0,BU,13000.0,63300.0,False,0.0,10:18:42
3710.0,1000,-60.0,0.0,BU,12500.0,63300.0,False,0.0,10:18:15
3710.0,1000,-60.0,0.0,BU,11500.0,63300.0,False,-10.0,10:18:15
3720.0,1500,-50.0,0.0,SD,10500.0,63300.0,False,0.0,10:17:55
3720.0,8500,-50.0,0.0,SD,10500.0,61800.0,False,-10.0,10:17:47
3730.0,100,-40.0,0.0,SD,10500.0,53300.0,False,0.0,10:17:47
3730.0,500,-40.0,0.0,SD,10500.0,53200.0,False,0.0,10:17:47
3730.0,500,-40.0,0.0,SD,10500.0,52700.0,False,0.0,10:17:47
3730.0,300,-40.0,0.0,SD,10500.0,52200.0,False,-20.0,10:17:47
3750.0,100,-20.0,0.0,SD,10500.0,51900.0,False,-20.0,10:17:47
3770.0,100,0.0,0.0,BU,10500.0,51800.0,False,20.0,10:08:39
3750.0,2000,-20.0,0.0,SD,10400.0,51800.0,False,-20.0,10:07:31
3770.0,1000,0.0,0.0,BU,10400.0,49800.0,False,0.0,10:04:11
3770.0,100,0.0,0.0,BU,9400.0,49800.0,False,0.0,09:59:49
3770.0,700,0.0,0.0,BU,9300.0,49800.0,False,0.0,09:56:19
3770.0,100,0.0,0.0,BU,8600.0,49800.0,False,0.0,09:53:21
3770.0,400,0.0,0.0,BU,8500.0,49800.0,False,0.0,09:49:08
3770.0,200,0.0,0.0,BU,8100.0,49800.0,False,0.0,09:49:08
3770.0,400,0.0,0.0,BU,7900.0,49800.0,False,0.0,09:49:08
3770.0,100,0.0,0.0,BU,7500.0,49800.0,False,70.0,09:47:41
3700.0,600,-70.0,0.0,SD,7400.0,49800.0,False,0.0,09:47:30
3700.0,2000,-70.0,0.0,SD,7400.0,49200.0,False,0.0,09:47:30
3700.0,200,-70.0,0.0,SD,7400.0,47200.0,False,-70.0,09:47:30
3770.0,1000,0.0,0.0,BU,7400.0,47000.0,False,70.0,09:47:11
3700.0,300,-70.0,0.0,SD,6400.0,47000.0,False,0.0,09:46:50
3700.0,500,-70.0,0.0,SD,6400.0,46700.0,False,0.0,09:46:50
3700.0,1000,-70.0,0.0,SD,6400.0,46200.0,False,0.0,09:46:50
3700.0,100,-70.0,0.0,SD,6400.0,45200.0,False,0.0,09:46:50
3700.0,1000,-70.0,0.0,SD,6400.0,45100.0,False,0.0,09:46:50
3700.0,1900,-70.0,0.0,SD,6400.0,44100.0,False,-10.0,09:46:50
3710.0,2000,-60.0,0.0,SD,6400.0,42200.0,False,0.0,09:46:50
3710.0,2000,-60.0,0.0,SD,6400.0,40200.0,False,-10.0,09:46:50
3720.0,2000,-50.0,0.0,SD,6400.0,38200.0,False,0.0,09:46:50
3720.0,600,-50.0,0.0,SD,6400.0,36200.0,False,-40.0,09:46:50
3760.0,1000,-10.0,0.0,SD,6400.0,35600.0,False,-10.0,09:46:50
3770.0,100,0.0,0.0,BU,6400.0,34600.0,False,0.0,09:46:42
3770.0,100,0.0,0.0,BU,6300.0,34600.0,False,10.0,09:46:17
3760.0,1000,-10.0,0.0,SD,6200.0,34600.0,False,0.0,09:45:54
3760.0,100,-10.0,0.0,BU,6200.0,33600.0,False,60.0,09:45:28
3700.0,100,-70.0,0.0,SD,6100.0,33600.0,False,0.0,09:45:16
3700.0,3400,-70.0,0.0,SD,6100.0,33500.0,False,0.0,09:45:10
3700.0,500,-70.0,0.0,SD,6100.0,30100.0,False,0.0,09:45:10
3700.0,100,-70.0,0.0,SD,6100.0,29600.0,False,-10.0,09:45:10
3710.0,1000,-60.0,0.0,SD,6100.0,29500.0,False,0.0,09:45:10
3710.0,1000,-60.0,0.0,SD,6100.0,28500.0,False,0.0,09:45:10
3710.0,1000,-60.0,0.0,SD,6100.0,27500.0,False,0.0,09:45:10
3710.0,500,-60.0,0.0,SD,6100.0,26500.0,False,-10.0,09:45:10
3720.0,2000,-50.0,0.0,SD,6100.0,26000.0,False,0.0,09:45:10
3720.0,500,-50.0,0.0,SD,6100.0,24000.0,False,20.0,09:45:10
3700.0,900,-70.0,0.0,SD,6100.0,23500.0,False,0.0,09:43:28
3700.0,200,-70.0,0.0,SD,6100.0,22600.0,False,0.0,09:43:28
3700.0,100,-70.0,0.0,SD,6100.0,22400.0,False,0.0,09:43:28
3700.0,500,-70.0,0.0,SD,6100.0,22300.0,False,-10.0,09:43:28
3710.0,500,-60.0,0.0,SD,6100.0,21800.0,False,-10.0,09:43:28
3720.0,100,-50.0,0.0,SD,6100.0,21300.0,False,0.0,09:43:28
3720.0,1500,-50.0,0.0,SD,6100.0,21200.0,False,-10.0,09:43:28
3730.0,100,-40.0,0.0,SD,6100.0,19700.0,False,0.0,09:43:28
3730.0,100,-40.0,0.0,SD,6100.0,19600.0,False,0.0,09:43:28
3730.0,1500,-40.0,0.0,SD,6100.0,19500.0,False,0.0,09:43:28
3730.0,300,-40.0,0.0,SD,6100.0,18000.0,False,-10.0,09:43:28
3740.0,2000,-30.0,0.0,SD,6100.0,17700.0,False,0.0,09:43:28
3740.0,200,-30.0,0.0,SD,6100.0,15700.0,False,0.0,09:43:28
3740.0,2000,-30.0,0.0,SD,6100.0,15500.0,False,-20.0,09:43:28
3760.0,100,-10.0,0.0,BU,6100.0,13500.0,False,30.0,09:34:16
3730.0,100,-40.0,0.0,SD,6000.0,13500.0,False,0.0,09:32:20
3730.0,1000,-40.0,0.0,SD,6000.0,13400.0,False,-10.0,09:32:20
3740.0,4000,-30.0,0.0,SD,6000.0,12400.0,False,0.0,09:32:20
3740.0,100,-30.0,0.0,SD,6000.0,8400.0,False,-10.0,09:32:20
3750.0,800,-20.0,0.0,SD,6000.0,8300.0,False,-20.0,09:32:20
3770.0,3300,0.0,0.0,BU,6000.0,7500.0,False,0.0,09:32:19
3770.0,2700,0.0,0.0,BU,2700.0,7500.0,False,0.0,09:32:19
3770.0,200,0.0,0.0,SD,0.0,7500.0,False,0.0,09:30:27
3770.0,1800,0.0,0.0,SD,0.0,7300.0,False,0.0,09:30:22
3770.0,200,0.0,0.0,SD,0.0,5500.0,False,0.0,09:30:22
3770.0,2800,0.0,0.0,SD,0.0,5300.0,False,0.0,09:28:37
3770.0,800,0.0,0.0,SD,0.0,2500.0,False,0.0,09:28:37
3770.0,100,0.0,0.0,SD,0.0,1700.0,False,0.0,09:28:37
3770.0,1000,0.0,0.0,SD,0.0,1600.0,False,0.0,09:28:37
3770.0,300,0.0,0.0,SD,0.0,600.0,False,0.0,09:28:37
3770.0,200,0.0,0.0,SD,0.0,300.0,False,0.0,09:27:39
3770.0,100,0.0,0.0,SD,0.0,100.0,False,0.0,09:27:39
3770.0,200,0.0,0.0,,0.0,0.0,False,0.0,09:15:02
