p,v,cp,rcp,a,ba,sa,hl,pcp,t
58500.0,900,300.0,0.0,,109500.0,9700.0,False,-200.0,14:45:00
58700.0,300,500.0,0.0,SD,109500.0,9700.0,False,-200.0,14:29:20
58900.0,200,700.0,0.0,BU,109500.0,9400.0,False,100.0,14:27:29
58800.0,3000,600.0,0.0,BU,109300.0,9400.0,False,-100.0,14:27:10
58900.0,200,700.0,0.0,BU,106300.0,9400.0,False,500.0,14:26:08
58400.0,200,200.0,0.0,SD,106100.0,9400.0,False,200.0,14:24:00
58200.0,100,0.0,0.0,SD,106100.0,9200.0,False,-100.0,14:24:00
58300.0,200,100.0,0.0,SD,106100.0,9100.0,False,-500.0,14:24:00
58800.0,500,600.0,0.0,BU,106100.0,8900.0,False,0.0,14:21:13
58800.0,1500,600.0,0.0,BU,105600.0,8900.0,False,-100.0,14:20:57
58900.0,300,700.0,0.0,BU,104100.0,8900.0,False,300.0,14:19:32
58600.0,200,400.0,0.0,BU,103800.0,8900.0,False,100.0,14:19:15
58500.0,2000,300.0,0.0,BU,103600.0,8900.0,False,0.0,14:19:01
58500.0,500,300.0,0.0,BU,101600.0,8900.0,False,0.0,14:11:29
58500.0,2500,300.0,0.0,BU,101100.0,8900.0,False,0.0,14:11:17
58500.0,2000,300.0,0.0,BU,98600.0,8900.0,False,300.0,14:10:02
58200.0,400,0.0,0.0,SD,96600.0,8900.0,False,-100.0,13:59:18
58300.0,100,100.0,0.0,BU,96600.0,8500.0,False,-100.0,13:59:18
58400.0,100,200.0,0.0,BU,96500.0,8500.0,False,200.0,13:59:18
58200.0,400,0.0,0.0,SD,96400.0,8500.0,False,-100.0,13:56:41
58300.0,100,100.0,0.0,BU,96400.0,8100.0,False,-100.0,13:56:41
58400.0,100,200.0,0.0,BU,96300.0,8100.0,False,100.0,13:56:41
58300.0,400,100.0,0.0,BU,96200.0,8100.0,False,100.0,13:53:53
58200.0,3000,0.0,0.0,SD,95800.0,8100.0,False,-100.0,13:53:19
58300.0,300,100.0,0.0,BU,95800.0,5100.0,False,0.0,13:53:10
58300.0,200,100.0,0.0,BU,95500.0,5100.0,False,100.0,13:53:10
58200.0,1000,0.0,0.0,SD,95300.0,5100.0,False,0.0,13:52:32
58200.0,500,0.0,0.0,BU,95300.0,4100.0,False,0.0,13:39:06
58200.0,1500,0.0,0.0,BU,94800.0,4100.0,False,0.0,13:38:56
58200.0,3000,0.0,0.0,BU,93300.0,4100.0,False,0.0,13:36:22
58200.0,1000,0.0,0.0,BU,90300.0,4100.0,False,0.0,13:23:42
58200.0,2000,0.0,0.0,BU,89300.0,4100.0,False,600.0,13:23:30
57600.0,400,-600.0,0.0,SD,87300.0,4100.0,False,-100.0,13:22:26
57700.0,100,-500.0,0.0,SD,87300.0,3700.0,False,-200.0,13:19:10
57900.0,200,-300.0,0.0,BU,87300.0,3600.0,False,-100.0,13:01:56
58000.0,100,-200.0,0.0,SD,87100.0,3600.0,False,0.0,13:00:13
58000.0,600,-200.0,0.0,BU,87100.0,3500.0,False,0.0,11:06:30
58000.0,600,-200.0,0.0,BU,86500.0,3500.0,False,0.0,11:05:23
58000.0,600,-200.0,0.0,BU,85900.0,3500.0,False,0.0,11:05:07
58000.0,600,-200.0,0.0,BU,85300.0,3500.0,False,0.0,11:04:32
58000.0,600,-200.0,0.0,BU,84700.0,3500.0,False,0.0,11:04:20
58000.0,600,-200.0,0.0,SD,84100.0,3500.0,False,0.0,11:04:02
58000.0,500,-200.0,0.0,BU,84100.0,2900.0,False,0.0,11:03:01
58000.0,500,-200.0,0.0,BU,83600.0,2900.0,False,0.0,11:02:48
58000.0,500,-200.0,0.0,SD,83100.0,2900.0,False,0.0,11:02:25
58000.0,100,-200.0,0.0,BU,83100.0,2400.0,False,0.0,11:02:11
58000.0,600,-200.0,0.0,BU,83000.0,2400.0,False,0.0,11:01:48
58000.0,700,-200.0,0.0,BU,82400.0,2400.0,False,700.0,11:01:27
57300.0,500,-900.0,0.0,SD,81700.0,2400.0,False,-800.0,11:01:04
58100.0,700,-100.0,0.0,BU,81700.0,1900.0,False,0.0,11:00:57
58100.0,700,-100.0,0.0,BU,81000.0,1900.0,False,0.0,11:00:42
58100.0,700,-100.0,0.0,BU,80300.0,1900.0,False,0.0,10:59:29
58100.0,700,-100.0,0.0,BU,79600.0,1900.0,False,0.0,10:59:16
58100.0,700,-100.0,0.0,BU,78900.0,1900.0,False,0.0,10:58:31
58100.0,600,-100.0,0.0,BU,78200.0,1900.0,False,0.0,10:58:18
58100.0,100,-100.0,0.0,BU,77600.0,1900.0,False,0.0,10:58:18
58100.0,700,-100.0,0.0,BU,77500.0,1900.0,False,800.0,10:57:47
57300.0,800,-900.0,0.0,SD,76800.0,1900.0,False,-100.0,10:57:41
57400.0,600,-800.0,0.0,BU,76800.0,1100.0,False,-100.0,10:57:41
57500.0,500,-700.0,0.0,BU,76200.0,1100.0,False,-400.0,10:57:41
57900.0,700,-300.0,0.0,BU,75700.0,1100.0,False,-100.0,10:57:41
58000.0,100,-200.0,0.0,BU,75000.0,1100.0,False,-100.0,10:57:41
58100.0,700,-100.0,0.0,BU,74900.0,1100.0,False,-100.0,10:57:35
58200.0,300,0.0,0.0,BU,74200.0,1100.0,False,100.0,10:53:08
58100.0,3000,-100.0,0.0,BU,73900.0,1100.0,False,0.0,10:52:06
58100.0,1500,-100.0,0.0,BU,70900.0,1100.0,False,0.0,10:49:58
58100.0,2000,-100.0,0.0,BU,69400.0,1100.0,False,0.0,10:49:47
58100.0,1000,-100.0,0.0,BU,67400.0,1100.0,False,0.0,10:49:12
58100.0,3000,-100.0,0.0,BU,66400.0,1100.0,False,0.0,10:49:02
58100.0,2500,-100.0,0.0,BU,63400.0,1100.0,False,0.0,10:48:21
58100.0,3000,-100.0,0.0,BU,60900.0,1100.0,False,0.0,10:47:40
58100.0,500,-100.0,0.0,BU,57900.0,1100.0,False,0.0,10:46:50
58100.0,4500,-100.0,0.0,BU,57400.0,1100.0,True,100.0,10:46:40
58000.0,100,-200.0,0.0,BU,52900.0,1100.0,False,0.0,10:31:13
58000.0,300,-200.0,0.0,BU,52800.0,1100.0,False,100.0,10:28:00
57900.0,1000,-300.0,0.0,BU,52500.0,1100.0,False,0.0,10:23:30
57900.0,4000,-300.0,0.0,BU,51500.0,1100.0,True,-100.0,10:23:04
58000.0,500,-200.0,0.0,BU,47500.0,1100.0,False,0.0,10:21:32
58000.0,2500,-200.0,0.0,BU,47000.0,1100.0,False,0.0,10:21:20
58000.0,2000,-200.0,0.0,BU,44500.0,1100.0,False,0.0,10:19:56
58000.0,1000,-200.0,0.0,BU,42500.0,1100.0,False,0.0,10:17:10
58000.0,4000,-200.0,0.0,BU,41500.0,1100.0,True,0.0,10:16:57
58000.0,3000,-200.0,0.0,BU,37500.0,1100.0,False,0.0,10:15:30
58000.0,5000,-200.0,0.0,BU,34500.0,1100.0,True,-100.0,10:14:32
58100.0,2000,-100.0,0.0,BU,29500.0,1100.0,False,0.0,10:11:09
58100.0,1000,-100.0,0.0,BU,27500.0,1100.0,False,0.0,10:08:35
58100.0,1000,-100.0,0.0,BU,26500.0,1100.0,False,0.0,10:08:35
58100.0,300,-100.0,0.0,SD,25500.0,1100.0,False,0.0,10:08:17
58100.0,800,-100.0,0.0,SD,25500.0,800.0,False,0.0,10:08:17
58100.0,2000,-100.0,0.0,BU,25500.0,0.0,False,0.0,10:00:18
58100.0,100,-100.0,0.0,BU,23500.0,0.0,False,-200.0,09:54:36
58300.0,300,100.0,0.0,BU,23400.0,0.0,False,0.0,09:28:48
58300.0,2000,100.0,0.0,BU,23100.0,0.0,False,0.0,09:28:33
58300.0,3000,100.0,0.0,BU,21100.0,0.0,False,1100.0,09:28:21
57200.0,100,-1000.0,0.0,BU,18100.0,0.0,False,-1300.0,09:27:11
58500.0,1000,300.0,0.0,BU,18000.0,0.0,False,0.0,09:26:50
58500.0,3000,300.0,0.0,BU,17000.0,0.0,False,-200.0,09:26:42
58700.0,2000,500.0,0.0,BU,14000.0,0.0,False,0.0,09:25:50
58700.0,3000,500.0,0.0,BU,12000.0,0.0,False,-100.0,09:25:43
58800.0,500,600.0,0.0,BU,9000.0,0.0,False,0.0,09:24:41
