p,v,cp,rcp,a,ba,sa,hl,pcp,t
49500.0,7800,-300.0,0.0,,154800.0,340200.0,False,100.0,14:45:00
49400.0,200,-400.0,0.0,BU,154800.0,340200.0,False,-100.0,14:22:46
49500.0,100,-300.0,0.0,BU,154600.0,340200.0,False,1400.0,14:20:55
48100.0,10000,-1700.0,0.0,SD,154500.0,340200.0,True,0.0,14:20:01
48100.0,10000,-1700.0,0.0,SD,154500.0,330200.0,True,0.0,14:20:01
48100.0,300,-1700.0,0.0,SD,154500.0,320200.0,False,-100.0,14:20:01
48200.0,1000,-1600.0,0.0,SD,154500.0,319900.0,False,0.0,14:20:01
48200.0,100,-1600.0,0.0,SD,154500.0,318900.0,False,0.0,14:20:01
48200.0,100,-1600.0,0.0,SD,154500.0,318800.0,False,0.0,14:20:01
48200.0,200,-1600.0,0.0,SD,154500.0,318700.0,False,200.0,14:20:01
48000.0,100,-1800.0,0.0,SD,154500.0,318500.0,False,0.0,14:18:19
48000.0,100,-1800.0,0.0,SD,154500.0,318400.0,False,0.0,14:18:19
48000.0,100,-1800.0,0.0,SD,154500.0,318300.0,False,0.0,14:18:19
48000.0,500,-1800.0,0.0,SD,154500.0,318200.0,False,0.0,14:18:19
48000.0,200,-1800.0,0.0,SD,154500.0,317700.0,False,0.0,14:18:19
48000.0,100,-1800.0,0.0,SD,154500.0,317500.0,False,0.0,14:18:19
48000.0,100,-1800.0,0.0,SD,154500.0,317400.0,False,0.0,14:18:19
48000.0,1000,-1800.0,0.0,SD,154500.0,317300.0,False,0.0,14:18:19
48000.0,100,-1800.0,0.0,SD,154500.0,316300.0,False,0.0,14:18:19
48000.0,2100,-1800.0,0.0,SD,154500.0,316200.0,False,0.0,14:18:19
48000.0,16900,-1800.0,0.0,SD,154500.0,314100.0,True,0.0,14:17:51
48000.0,200,-1800.0,0.0,SD,154500.0,297200.0,False,-50.0,14:17:51
48050.0,1000,-1750.0,0.0,BU,154500.0,297000.0,False,-50.0,14:17:51
48100.0,500,-1700.0,0.0,BU,153500.0,297000.0,False,0.0,14:17:51
48100.0,1500,-1700.0,0.0,BU,153000.0,297000.0,False,0.0,14:17:51
48100.0,300,-1700.0,0.0,BU,151500.0,297000.0,False,0.0,14:17:51
48100.0,100,-1700.0,0.0,BU,151200.0,297000.0,False,-100.0,14:17:51
48200.0,5400,-1600.0,0.0,BU,151100.0,297000.0,True,0.0,14:17:51
48200.0,14100,-1600.0,0.0,BU,145700.0,297000.0,True,0.0,14:17:51
48200.0,7900,-1600.0,0.0,SD,131600.0,297000.0,True,0.0,14:17:31
48200.0,200,-1600.0,0.0,SD,131600.0,289100.0,False,0.0,14:17:31
48200.0,100,-1600.0,0.0,SD,131600.0,288900.0,False,-50.0,14:17:31
48250.0,10000,-1550.0,0.0,BU,131600.0,288800.0,True,-50.0,14:17:31
48300.0,1000,-1500.0,0.0,BU,121600.0,288800.0,False,0.0,14:17:31
48300.0,100,-1500.0,0.0,BU,120600.0,288800.0,False,0.0,14:17:31
48300.0,100,-1500.0,0.0,BU,120500.0,288800.0,False,0.0,14:17:31
48300.0,400,-1500.0,0.0,BU,120400.0,288800.0,False,-100.0,14:17:31
48400.0,100,-1400.0,0.0,BU,120000.0,288800.0,False,-150.0,14:17:31
48550.0,20000,-1250.0,0.0,BU,119900.0,288800.0,True,150.0,14:17:31
48400.0,100,-1400.0,0.0,BU,99900.0,288800.0,False,-100.0,14:17:31
48500.0,200,-1300.0,0.0,SD,99800.0,288800.0,False,0.0,14:16:59
48500.0,600,-1300.0,0.0,SD,99800.0,288600.0,False,0.0,14:16:59
48500.0,2000,-1300.0,0.0,SD,99800.0,288000.0,False,0.0,14:16:59
48500.0,1800,-1300.0,0.0,SD,99800.0,286000.0,False,0.0,14:16:59
48500.0,11800,-1300.0,0.0,SD,99800.0,284200.0,True,0.0,14:16:59
48500.0,38200,-1300.0,0.0,SD,99800.0,272400.0,True,-50.0,14:16:24
48550.0,100,-1250.0,0.0,BU,99800.0,234200.0,False,50.0,14:16:24
48500.0,100,-1300.0,0.0,SD,99700.0,234200.0,False,0.0,14:13:55
48500.0,500,-1300.0,0.0,SD,99700.0,234100.0,False,0.0,14:13:55
48500.0,100,-1300.0,0.0,SD,99700.0,233600.0,False,0.0,14:13:55
48500.0,100,-1300.0,0.0,SD,99700.0,233500.0,False,0.0,14:13:55
48500.0,1000,-1300.0,0.0,SD,99700.0,233400.0,False,0.0,14:13:55
48500.0,1000,-1300.0,0.0,SD,99700.0,232400.0,False,0.0,14:13:55
48500.0,300,-1300.0,0.0,SD,99700.0,231400.0,False,0.0,14:13:55
48500.0,500,-1300.0,0.0,SD,99700.0,231100.0,False,0.0,14:13:55
48500.0,50000,-1300.0,0.0,SD,99700.0,230600.0,True,0.0,14:13:54
48500.0,100,-1300.0,0.0,SD,99700.0,180600.0,False,0.0,14:13:54
48500.0,100,-1300.0,0.0,SD,99700.0,180500.0,False,0.0,14:13:54
48500.0,1000,-1300.0,0.0,SD,99700.0,180400.0,False,0.0,14:13:54
48500.0,1000,-1300.0,0.0,SD,99700.0,179400.0,False,-50.0,14:13:54
48550.0,10000,-1250.0,0.0,SD,99700.0,178400.0,True,-50.0,14:13:20
48600.0,100,-1200.0,0.0,BU,99700.0,168400.0,False,0.0,14:13:04
48600.0,500,-1200.0,0.0,SD,99600.0,168400.0,False,0.0,14:12:18
48600.0,200,-1200.0,0.0,SD,99600.0,167900.0,False,0.0,14:12:18
48600.0,100,-1200.0,0.0,SD,99600.0,167700.0,False,0.0,14:12:18
48600.0,200,-1200.0,0.0,SD,99600.0,167600.0,False,0.0,14:12:18
48600.0,1000,-1200.0,0.0,SD,99600.0,167400.0,False,0.0,14:11:07
48600.0,4000,-1200.0,0.0,SD,99600.0,166400.0,False,0.0,14:10:52
48600.0,100,-1200.0,0.0,SD,99600.0,162400.0,False,0.0,14:10:52
48600.0,200,-1200.0,0.0,SD,99600.0,162300.0,False,0.0,14:10:52
48600.0,100,-1200.0,0.0,SD,99600.0,162100.0,False,0.0,14:10:52
48600.0,100,-1200.0,0.0,SD,99600.0,162000.0,False,0.0,14:10:52
48600.0,500,-1200.0,0.0,SD,99600.0,161900.0,False,0.0,14:10:52
48600.0,1200,-1200.0,0.0,SD,99600.0,161400.0,False,0.0,14:10:52
48600.0,300,-1200.0,0.0,SD,99600.0,160200.0,False,-50.0,14:10:52
48650.0,1000,-1150.0,0.0,SD,99600.0,159900.0,False,0.0,14:10:52
48650.0,200,-1150.0,0.0,SD,99600.0,158900.0,False,0.0,14:10:52
48650.0,100,-1150.0,0.0,SD,99600.0,158700.0,False,-50.0,14:10:14
48700.0,2000,-1100.0,0.0,SD,99600.0,158600.0,False,-50.0,14:10:14
48750.0,100,-1050.0,0.0,SD,99600.0,156600.0,False,-100.0,14:10:14
48850.0,900,-950.0,0.0,SD,99600.0,156500.0,False,0.0,14:10:14
48850.0,200,-950.0,0.0,SD,99600.0,155600.0,False,-900.0,14:10:14
49750.0,200,-50.0,0.0,BU,99600.0,155400.0,False,250.0,14:06:03
49500.0,200,-300.0,0.0,BU,99400.0,155400.0,False,50.0,14:06:03
49450.0,200,-350.0,0.0,BU,99200.0,155400.0,False,850.0,14:06:03
48600.0,500,-1200.0,0.0,SD,99000.0,155400.0,False,0.0,14:01:56
48600.0,300,-1200.0,0.0,SD,99000.0,154900.0,False,0.0,14:01:56
48600.0,200,-1200.0,0.0,SD,99000.0,154600.0,False,-850.0,14:01:56
49450.0,500,-350.0,0.0,BU,99000.0,154400.0,False,0.0,14:01:13
49450.0,100,-350.0,0.0,BU,98500.0,154400.0,False,850.0,14:01:13
48600.0,100,-1200.0,0.0,SD,98400.0,154400.0,False,0.0,13:59:54
48600.0,500,-1200.0,0.0,SD,98400.0,154300.0,False,0.0,13:59:54
48600.0,300,-1200.0,0.0,SD,98400.0,153800.0,False,0.0,13:59:54
48600.0,1000,-1200.0,0.0,SD,98400.0,153500.0,False,0.0,13:59:37
48600.0,400,-1200.0,0.0,SD,98400.0,152500.0,False,0.0,13:59:13
48600.0,2000,-1200.0,0.0,SD,98400.0,152100.0,False,0.0,13:59:13
48600.0,500,-1200.0,0.0,SD,98400.0,150100.0,False,0.0,13:59:13
48600.0,1000,-1200.0,0.0,SD,98400.0,149600.0,False,0.0,13:59:13
48600.0,100,-1200.0,0.0,SD,98400.0,148600.0,False,0.0,13:59:13
48600.0,100,-1200.0,0.0,SD,98400.0,148500.0,False,0.0,13:59:13
48600.0,2000,-1200.0,0.0,SD,98400.0,148400.0,False,0.0,13:59:13
48600.0,2000,-1200.0,0.0,SD,98400.0,146400.0,False,0.0,13:59:13
48600.0,100,-1200.0,0.0,SD,98400.0,144400.0,False,0.0,13:59:13
48600.0,2000,-1200.0,0.0,SD,98400.0,144300.0,False,-50.0,13:59:13
48650.0,100,-1150.0,0.0,SD,98400.0,142300.0,False,0.0,13:59:13
48650.0,500,-1150.0,0.0,SD,98400.0,142200.0,False,0.0,13:59:13
48650.0,400,-1150.0,0.0,SD,98400.0,141700.0,False,0.0,13:59:13
48650.0,100,-1150.0,0.0,SD,98400.0,141300.0,False,-150.0,13:59:13
48800.0,1000,-1000.0,0.0,BU,98400.0,141200.0,False,0.0,13:58:55
48800.0,300,-1000.0,0.0,BU,97400.0,141200.0,False,150.0,13:58:55
48650.0,900,-1150.0,0.0,SD,97100.0,141200.0,False,0.0,13:58:55
48650.0,100,-1150.0,0.0,SD,97100.0,140300.0,False,-50.0,13:58:55
48700.0,2000,-1100.0,0.0,SD,97100.0,140200.0,False,-100.0,13:58:55
48800.0,100,-1000.0,0.0,SD,97100.0,138200.0,False,0.0,13:58:55
48800.0,100,-1000.0,0.0,SD,97100.0,138100.0,False,-50.0,13:58:55
48850.0,1000,-950.0,0.0,SD,97100.0,138000.0,False,0.0,13:58:55
48850.0,1000,-950.0,0.0,SD,97100.0,137000.0,False,200.0,13:58:55
48650.0,3800,-1150.0,0.0,SD,97100.0,136000.0,False,0.0,13:50:29
48650.0,300,-1150.0,0.0,SD,97100.0,132200.0,False,-50.0,13:50:29
48700.0,100,-1100.0,0.0,SD,97100.0,131900.0,False,-100.0,13:50:29
48800.0,100,-1000.0,0.0,SD,97100.0,131800.0,False,0.0,13:50:29
48800.0,100,-1000.0,0.0,SD,97100.0,131700.0,False,0.0,13:50:29
48800.0,300,-1000.0,0.0,SD,97100.0,131600.0,False,0.0,13:50:29
48800.0,100,-1000.0,0.0,SD,97100.0,131300.0,False,-50.0,13:50:29
48850.0,200,-950.0,0.0,SD,97100.0,131200.0,False,50.0,13:50:29
48800.0,200,-1000.0,0.0,BU,97100.0,131000.0,False,0.0,13:45:26
48800.0,100,-1000.0,0.0,BU,96900.0,131000.0,False,0.0,13:44:50
48800.0,1000,-1000.0,0.0,SD,96800.0,131000.0,False,0.0,13:44:45
48800.0,5000,-1000.0,0.0,SD,96800.0,130000.0,True,0.0,13:44:45
48800.0,200,-1000.0,0.0,SD,96800.0,125000.0,False,-200.0,13:44:45
49000.0,500,-800.0,0.0,SD,96800.0,124800.0,False,0.0,13:43:41
49000.0,100,-800.0,0.0,SD,96800.0,124300.0,False,0.0,13:43:41
49000.0,100,-800.0,0.0,SD,96800.0,124200.0,False,0.0,13:43:41
49000.0,100,-800.0,0.0,SD,96800.0,124100.0,False,0.0,13:43:41
49000.0,500,-800.0,0.0,SD,96800.0,124000.0,False,0.0,13:43:41
49000.0,7200,-800.0,0.0,SD,96800.0,123500.0,True,0.0,13:43:41
49000.0,42800,-800.0,0.0,SD,96800.0,116300.0,True,-50.0,13:43:00
49050.0,5000,-750.0,0.0,SD,96800.0,73500.0,True,0.0,13:43:00
49050.0,100,-750.0,0.0,SD,96800.0,68500.0,False,-50.0,13:43:00
49100.0,5000,-700.0,0.0,SD,96800.0,68400.0,True,-100.0,13:43:00
49200.0,1000,-600.0,0.0,SD,96800.0,63400.0,False,-200.0,13:43:00
49400.0,5000,-400.0,0.0,SD,96800.0,62400.0,True,0.0,13:43:00
49400.0,1100,-400.0,0.0,SD,96800.0,57400.0,False,-100.0,13:43:00
49500.0,4200,-300.0,0.0,SD,96800.0,56300.0,True,-50.0,13:42:41
49550.0,5000,-250.0,0.0,SD,96800.0,52100.0,True,-50.0,13:42:41
49600.0,600,-200.0,0.0,SD,96800.0,47100.0,False,0.0,13:42:41
49600.0,200,-200.0,0.0,SD,96800.0,46500.0,False,-300.0,13:40:44
49900.0,1000,100.0,0.0,BU,96800.0,46300.0,False,0.0,13:35:14
49900.0,2000,100.0,0.0,BU,95800.0,46300.0,False,0.0,13:35:04
49900.0,10000,100.0,0.0,BU,93800.0,46300.0,True,0.0,13:33:27
49900.0,1000,100.0,0.0,SD,83800.0,46300.0,False,0.0,13:31:35
49900.0,100,100.0,0.0,SD,83800.0,45300.0,False,-100.0,13:31:15
50000.0,1100,200.0,0.0,BU,83800.0,45200.0,False,0.0,13:29:50
50000.0,6800,200.0,0.0,BU,82700.0,45200.0,True,100.0,13:28:29
49900.0,15000,100.0,0.0,SD,75900.0,45200.0,True,-100.0,13:28:22
50000.0,7700,200.0,0.0,BU,75900.0,30200.0,True,0.0,13:28:10
50000.0,1200,200.0,0.0,BU,68200.0,30200.0,False,0.0,13:28:10
50000.0,1100,200.0,0.0,BU,67000.0,30200.0,False,100.0,13:28:10
49900.0,14900,100.0,0.0,SD,65900.0,30200.0,True,-100.0,13:27:50
50000.0,18900,200.0,0.0,BU,65900.0,15300.0,True,0.0,13:24:51
50000.0,700,200.0,0.0,BU,47000.0,15300.0,False,0.0,13:24:51
50000.0,200,200.0,0.0,BU,46300.0,15300.0,False,50.0,13:24:51
49950.0,200,150.0,0.0,BU,46100.0,15300.0,False,-50.0,13:24:51
50000.0,2800,200.0,0.0,BU,45900.0,15300.0,False,0.0,13:22:46
50000.0,200,200.0,0.0,BU,43100.0,15300.0,False,0.0,13:22:46
50000.0,13000,200.0,0.0,BU,42900.0,15300.0,True,50.0,13:20:16
49950.0,1000,150.0,0.0,BU,29900.0,15300.0,False,-50.0,13:20:16
50000.0,800,200.0,0.0,BU,28900.0,15300.0,False,0.0,13:20:16
50000.0,1000,200.0,0.0,BU,28100.0,15300.0,False,50.0,13:20:16
49950.0,1200,150.0,0.0,BU,27100.0,15300.0,False,550.0,13:20:16
49400.0,400,-400.0,0.0,SD,25900.0,15300.0,False,0.0,13:19:07
49400.0,500,-400.0,0.0,SD,25900.0,14900.0,False,-550.0,13:11:53
49950.0,400,150.0,0.0,BU,25900.0,14400.0,False,-50.0,13:09:36
50000.0,7000,200.0,0.0,BU,25500.0,14400.0,True,0.0,13:09:36
50000.0,100,200.0,0.0,BU,18500.0,14400.0,False,0.0,13:09:36
50000.0,500,200.0,0.0,BU,18400.0,14400.0,False,0.0,13:09:36
50000.0,300,200.0,0.0,BU,17900.0,14400.0,False,0.0,13:09:36
50000.0,100,200.0,0.0,BU,17600.0,14400.0,False,0.0,13:09:36
50000.0,2000,200.0,0.0,BU,17500.0,14400.0,False,0.0,13:09:36
50000.0,100,200.0,0.0,BU,15500.0,14400.0,False,0.0,13:09:36
50000.0,1000,200.0,0.0,BU,15400.0,14400.0,False,0.0,13:09:36
50000.0,400,200.0,0.0,BU,14400.0,14400.0,False,50.0,13:09:36
49950.0,200,150.0,0.0,BU,14000.0,14400.0,False,50.0,13:09:36
49900.0,1000,100.0,0.0,BU,13800.0,14400.0,False,200.0,13:09:36
49700.0,600,-100.0,0.0,BU,12800.0,14400.0,False,-100.0,13:09:36
49800.0,100,0.0,0.0,BU,12200.0,14400.0,False,0.0,13:09:36
49800.0,2000,0.0,0.0,BU,12100.0,14400.0,False,50.0,13:09:36
49750.0,5300,-50.0,0.0,BU,10100.0,14400.0,True,0.0,13:09:36
49750.0,500,-50.0,0.0,BU,4800.0,14400.0,False,100.0,13:09:36
49650.0,500,-150.0,0.0,BU,4300.0,14400.0,False,50.0,13:09:36
49600.0,300,-200.0,0.0,BU,3800.0,14400.0,False,100.0,13:09:36
49500.0,200,-300.0,0.0,SD,3500.0,14400.0,False,0.0,13:05:59
49500.0,100,-300.0,0.0,SD,3500.0,14200.0,False,0.0,13:03:45
49500.0,100,-300.0,0.0,SD,3500.0,14100.0,False,0.0,13:01:45
49500.0,1000,-300.0,0.0,SD,3500.0,14000.0,False,0.0,13:00:05
49500.0,1000,-300.0,0.0,SD,3500.0,13000.0,False,0.0,11:21:53
49500.0,1000,-300.0,0.0,SD,3500.0,12000.0,False,-400.0,11:08:33
49900.0,100,100.0,0.0,BU,3500.0,11000.0,False,700.0,10:53:10
49200.0,100,-600.0,0.0,BU,3400.0,11000.0,False,50.0,10:50:46
49150.0,1000,-650.0,0.0,SD,3300.0,11000.0,False,-50.0,10:46:35
49200.0,100,-600.0,0.0,SD,3300.0,10000.0,False,0.0,10:46:26
49200.0,800,-600.0,0.0,SD,3300.0,9900.0,False,-800.0,10:46:26
50000.0,600,200.0,0.0,BU,3300.0,9100.0,False,0.0,10:31:53
50000.0,1000,200.0,0.0,BU,2700.0,9100.0,False,50.0,10:31:53
49950.0,1000,150.0,0.0,BU,1700.0,9100.0,False,150.0,10:31:53
49800.0,100,0.0,0.0,BU,700.0,9100.0,False,0.0,10:31:53
49800.0,400,0.0,0.0,SD,600.0,9100.0,False,0.0,10:25:54
49800.0,100,0.0,0.0,BU,600.0,8700.0,False,-100.0,10:24:10
49900.0,100,100.0,0.0,BU,500.0,8700.0,False,300.0,10:15:42
49600.0,400,-200.0,0.0,BU,400.0,8700.0,False,1100.0,10:15:42
48500.0,2100,-1300.0,0.0,SD,0.0,8700.0,False,0.0,09:29:35
48500.0,100,-1300.0,0.0,SD,0.0,6600.0,False,-100.0,09:29:35
48600.0,100,-1200.0,0.0,SD,0.0,6500.0,False,-100.0,09:29:35
48700.0,100,-1100.0,0.0,SD,0.0,6400.0,False,0.0,09:29:35
48700.0,200,-1100.0,0.0,SD,0.0,6300.0,False,-100.0,09:29:35
48800.0,100,-1000.0,0.0,SD,0.0,6100.0,False,-100.0,09:29:35
48900.0,100,-900.0,0.0,SD,0.0,6000.0,False,-100.0,09:29:35
49000.0,100,-800.0,0.0,SD,0.0,5900.0,False,-150.0,09:29:35
49150.0,300,-650.0,0.0,SD,0.0,5800.0,False,-650.0,09:29:35
49800.0,100,0.0,0.0,SD,0.0,5500.0,False,0.0,09:29:35
49800.0,300,0.0,0.0,SD,0.0,5400.0,False,-100.0,09:29:35
49900.0,2400,100.0,0.0,SD,0.0,5100.0,False,0.0,09:29:35
49900.0,2600,100.0,0.0,SD,0.0,2700.0,False,100.0,09:28:00
49800.0,100,0.0,0.0,SD,0.0,100.0,False,0.0,09:17:51
