p,v,cp,rcp,a,ba,sa,hl,pcp,t
6150.0,100,-70.0,0.0,SD,85000.0,60200.0,False,0.0,14:21:03
6150.0,2900,-70.0,0.0,SD,85000.0,60100.0,False,0.0,14:16:47
6150.0,100,-70.0,0.0,SD,85000.0,57200.0,False,0.0,14:16:47
6150.0,1000,-70.0,0.0,SD,85000.0,57100.0,False,0.0,14:13:12
6150.0,900,-70.0,0.0,SD,85000.0,56100.0,False,0.0,14:12:32
6150.0,500,-70.0,0.0,BU,85000.0,55200.0,False,0.0,14:11:45
6150.0,1000,-70.0,0.0,BU,84500.0,55200.0,False,0.0,14:11:45
6150.0,600,-70.0,0.0,BU,83500.0,55200.0,False,-10.0,14:11:45
6160.0,1000,-60.0,0.0,BU,82900.0,55200.0,False,0.0,14:07:40
6160.0,1200,-60.0,0.0,BU,81900.0,55200.0,False,10.0,14:06:37
6150.0,1400,-70.0,0.0,BU,80700.0,55200.0,False,10.0,14:06:03
6140.0,200,-80.0,0.0,SD,79300.0,55200.0,False,-10.0,14:05:31
6150.0,400,-70.0,0.0,BU,79300.0,55000.0,False,0.0,14:03:21
6150.0,500,-70.0,0.0,BU,78900.0,55000.0,False,0.0,14:00:15
6150.0,1000,-70.0,0.0,BU,78400.0,55000.0,False,10.0,13:59:41
6140.0,800,-80.0,0.0,SD,77400.0,55000.0,False,0.0,13:58:23
6140.0,3500,-80.0,0.0,BU,77400.0,54200.0,False,10.0,13:58:20
6130.0,100,-90.0,0.0,SD,73900.0,54200.0,False,0.0,13:57:23
6130.0,3500,-90.0,0.0,BU,73900.0,54100.0,False,0.0,13:56:57
6130.0,1000,-90.0,0.0,BU,70400.0,54100.0,False,10.0,13:53:55
6120.0,200,-100.0,0.0,SD,69400.0,54100.0,False,-10.0,13:49:38
6130.0,500,-90.0,0.0,SD,69400.0,53900.0,False,0.0,13:47:31
6130.0,300,-90.0,0.0,SD,69400.0,53400.0,False,0.0,13:46:49
6130.0,200,-90.0,0.0,SD,69400.0,53100.0,False,0.0,13:46:22
6130.0,1800,-90.0,0.0,SD,69400.0,52900.0,False,-10.0,13:46:22
6140.0,1000,-80.0,0.0,BU,69400.0,51100.0,False,10.0,13:46:16
6130.0,300,-90.0,0.0,SD,68400.0,51100.0,False,0.0,13:41:31
6130.0,3000,-90.0,0.0,SD,68400.0,50800.0,False,0.0,13:41:31
6130.0,1500,-90.0,0.0,SD,68400.0,47800.0,False,-10.0,13:41:31
6140.0,1900,-80.0,0.0,SD,68400.0,46300.0,False,-10.0,13:41:31
6150.0,1300,-70.0,0.0,BU,68400.0,44400.0,False,0.0,13:41:23
6150.0,100,-70.0,0.0,BU,67100.0,44400.0,False,0.0,13:41:00
6150.0,100,-70.0,0.0,BU,67000.0,44400.0,False,0.0,13:41:00
6150.0,1000,-70.0,0.0,BU,66900.0,44400.0,False,0.0,13:41:00
6150.0,100,-70.0,0.0,BU,65900.0,44400.0,False,0.0,13:41:00
6150.0,600,-70.0,0.0,BU,65800.0,44400.0,False,-10.0,13:41:00
6160.0,1000,-60.0,0.0,SD,65200.0,44400.0,False,0.0,13:40:52
6160.0,400,-60.0,0.0,SD,65200.0,43400.0,False,-10.0,13:40:52
6170.0,800,-50.0,0.0,BU,65200.0,43000.0,False,10.0,13:38:31
6160.0,1600,-60.0,0.0,SD,64400.0,43000.0,False,0.0,13:38:00
6160.0,500,-60.0,0.0,BU,64400.0,41400.0,False,0.0,13:36:53
6160.0,2000,-60.0,0.0,BU,63900.0,41400.0,False,10.0,13:35:38
6150.0,200,-70.0,0.0,SD,61900.0,41400.0,False,-10.0,13:34:47
6160.0,100,-60.0,0.0,BU,61900.0,41200.0,False,0.0,13:32:21
6160.0,1100,-60.0,0.0,BU,61800.0,41200.0,False,0.0,13:30:30
6160.0,100,-60.0,0.0,BU,60700.0,41200.0,False,0.0,13:29:05
6160.0,1100,-60.0,0.0,SD,60600.0,41200.0,False,-10.0,13:23:57
6170.0,800,-50.0,0.0,BU,60600.0,40100.0,False,10.0,13:23:07
6160.0,1900,-60.0,0.0,BU,59800.0,40100.0,False,10.0,13:22:39
6150.0,300,-70.0,0.0,SD,57900.0,40100.0,False,-10.0,13:19:53
6160.0,100,-60.0,0.0,BU,57900.0,39800.0,False,0.0,13:17:54
6160.0,200,-60.0,0.0,BU,57800.0,39800.0,False,0.0,13:15:57
6160.0,100,-60.0,0.0,BU,57600.0,39800.0,False,0.0,13:15:32
6160.0,1000,-60.0,0.0,BU,57500.0,39800.0,False,10.0,13:15:03
6150.0,900,-70.0,0.0,SD,56500.0,39800.0,False,0.0,13:13:20
6150.0,600,-70.0,0.0,SD,56500.0,38900.0,False,0.0,13:13:20
6150.0,200,-70.0,0.0,SD,56500.0,38300.0,False,-10.0,13:12:03
6160.0,900,-60.0,0.0,BU,56500.0,38100.0,False,10.0,13:11:38
6150.0,2200,-70.0,0.0,BU,55600.0,38100.0,False,0.0,13:10:35
6150.0,1500,-70.0,0.0,BU,53400.0,38100.0,False,10.0,13:10:19
6140.0,100,-80.0,0.0,SD,51900.0,38100.0,False,0.0,13:10:05
6140.0,2000,-80.0,0.0,BU,51900.0,38000.0,False,0.0,13:09:47
6140.0,1000,-80.0,0.0,BU,49900.0,38000.0,False,0.0,13:09:29
6140.0,200,-80.0,0.0,BU,48900.0,38000.0,False,10.0,13:08:15
6130.0,300,-90.0,0.0,SD,48700.0,38000.0,False,0.0,13:05:37
6130.0,700,-90.0,0.0,SD,48700.0,37700.0,False,0.0,13:02:35
6130.0,500,-90.0,0.0,SD,48700.0,37000.0,False,-10.0,11:27:06
6140.0,2000,-80.0,0.0,SD,48700.0,36500.0,False,-10.0,11:27:06
6150.0,1500,-70.0,0.0,SD,48700.0,34500.0,False,0.0,11:27:06
6150.0,300,-70.0,0.0,SD,48700.0,33000.0,False,-10.0,11:27:06
6160.0,2000,-60.0,0.0,SD,48700.0,32700.0,False,0.0,11:27:06
6160.0,1500,-60.0,0.0,SD,48700.0,30700.0,False,0.0,11:27:06
6160.0,100,-60.0,0.0,SD,48700.0,29200.0,False,0.0,11:21:35
6160.0,100,-60.0,0.0,SD,48700.0,29100.0,False,-10.0,11:21:35
6170.0,2000,-50.0,0.0,BU,48700.0,29000.0,False,0.0,11:20:43
6170.0,100,-50.0,0.0,BU,46700.0,29000.0,False,-10.0,11:20:43
6180.0,100,-40.0,0.0,BU,46600.0,29000.0,False,0.0,11:14:01
6180.0,1200,-40.0,0.0,BU,46500.0,29000.0,False,0.0,11:12:16
6180.0,3000,-40.0,0.0,BU,45300.0,29000.0,False,0.0,11:10:13
6180.0,1200,-40.0,0.0,BU,42300.0,29000.0,False,0.0,11:10:13
6180.0,200,-40.0,0.0,SD,41100.0,29000.0,False,0.0,11:07:21
6180.0,300,-40.0,0.0,SD,41100.0,28800.0,False,-20.0,10:52:56
6200.0,300,-20.0,0.0,BU,41100.0,28500.0,False,0.0,10:44:31
6200.0,1300,-20.0,0.0,BU,40800.0,28500.0,False,-10.0,10:44:31
6210.0,1000,-10.0,0.0,BU,39500.0,28500.0,False,0.0,10:39:35
6210.0,1500,-10.0,0.0,BU,38500.0,28500.0,False,10.0,10:37:41
6200.0,300,-20.0,0.0,SD,37000.0,28500.0,False,0.0,10:37:36
6200.0,400,-20.0,0.0,BU,37000.0,28200.0,False,0.0,10:37:29
6200.0,1000,-20.0,0.0,BU,36600.0,28200.0,False,0.0,10:37:18
6200.0,2000,-20.0,0.0,BU,35600.0,28200.0,False,0.0,10:35:13
6200.0,600,-20.0,0.0,BU,33600.0,28200.0,False,0.0,10:30:54
6200.0,100,-20.0,0.0,BU,33000.0,28200.0,False,0.0,10:29:45
6200.0,1200,-20.0,0.0,BU,32900.0,28200.0,False,0.0,10:28:42
6200.0,700,-20.0,0.0,BU,31700.0,28200.0,False,0.0,10:26:33
6200.0,1300,-20.0,0.0,SD,31000.0,28200.0,False,0.0,10:26:16
6200.0,700,-20.0,0.0,BU,31000.0,26900.0,False,0.0,10:24:28
6200.0,1700,-20.0,0.0,BU,30300.0,26900.0,False,20.0,10:23:58
6180.0,200,-40.0,0.0,SD,28600.0,26900.0,False,-20.0,10:21:57
6200.0,1100,-20.0,0.0,BU,28600.0,26700.0,False,0.0,10:20:03
6200.0,2000,-20.0,0.0,SD,27500.0,26700.0,False,-10.0,10:19:17
6210.0,1500,-10.0,0.0,BU,27500.0,24700.0,False,-10.0,10:19:10
6220.0,1000,0.0,0.0,BU,26000.0,24700.0,False,-10.0,10:18:11
6230.0,400,10.0,0.0,BU,25000.0,24700.0,False,0.0,10:18:05
6230.0,800,10.0,0.0,SD,24600.0,24700.0,False,0.0,10:17:21
6230.0,600,10.0,0.0,SD,24600.0,23900.0,False,0.0,10:17:18
6230.0,1200,10.0,0.0,BU,24600.0,23300.0,False,70.0,10:17:05
6160.0,600,-60.0,0.0,SD,23400.0,23300.0,False,0.0,10:12:06
6160.0,900,-60.0,0.0,SD,23400.0,22700.0,False,-10.0,10:12:06
6170.0,100,-50.0,0.0,SD,23400.0,21800.0,False,-30.0,10:12:06
6200.0,1500,-20.0,0.0,SD,23400.0,21700.0,False,10.0,10:11:21
6190.0,200,-30.0,0.0,SD,23400.0,20200.0,False,30.0,10:11:21
6160.0,100,-60.0,0.0,SD,23400.0,20000.0,False,-30.0,10:11:21
6190.0,2000,-30.0,0.0,SD,23400.0,19900.0,False,-10.0,10:11:21
6200.0,600,-20.0,0.0,SD,23400.0,17900.0,False,-10.0,10:11:21
6210.0,1000,-10.0,0.0,SD,23400.0,17300.0,False,0.0,10:11:21
6210.0,300,-10.0,0.0,SD,23400.0,16300.0,False,0.0,10:11:21
6210.0,300,-10.0,0.0,SD,23400.0,16000.0,False,-10.0,10:11:21
6220.0,1000,0.0,0.0,SD,23400.0,15700.0,False,0.0,10:11:21
6220.0,500,0.0,0.0,SD,23400.0,14700.0,False,0.0,10:11:21
6220.0,200,0.0,0.0,SD,23400.0,14200.0,False,-10.0,10:11:21
6230.0,2000,10.0,0.0,BU,23400.0,14000.0,False,0.0,10:11:10
6230.0,1500,10.0,0.0,BU,21400.0,14000.0,False,10.0,10:09:42
6220.0,400,0.0,0.0,SD,19900.0,14000.0,False,0.0,10:07:45
6220.0,200,0.0,0.0,SD,19900.0,13600.0,False,0.0,10:07:45
6220.0,200,0.0,0.0,SD,19900.0,13400.0,False,0.0,10:06:48
6220.0,1100,0.0,0.0,BU,19900.0,13200.0,False,10.0,10:00:05
6210.0,200,-10.0,0.0,SD,18800.0,13200.0,False,0.0,09:58:59
6210.0,200,-10.0,0.0,SD,18800.0,13000.0,False,-10.0,09:57:49
6220.0,900,0.0,0.0,BU,18800.0,12800.0,False,0.0,09:57:17
6220.0,1200,0.0,0.0,BU,17900.0,12800.0,False,0.0,09:55:08
6220.0,100,0.0,0.0,BU,16700.0,12800.0,False,0.0,09:52:54
6220.0,1000,0.0,0.0,BU,16600.0,12800.0,False,0.0,09:52:13
6220.0,500,0.0,0.0,BU,15600.0,12800.0,False,10.0,09:51:48
6210.0,200,-10.0,0.0,SD,15100.0,12800.0,False,-10.0,09:51:27
6220.0,1200,0.0,0.0,SD,15100.0,12600.0,False,0.0,09:50:32
6220.0,800,0.0,0.0,BU,15100.0,11400.0,False,0.0,09:50:14
6220.0,3200,0.0,0.0,BU,14300.0,11400.0,False,0.0,09:49:05
6220.0,100,0.0,0.0,BU,11100.0,11400.0,False,0.0,09:42:41
6220.0,1100,0.0,0.0,BU,11000.0,11400.0,False,40.0,09:37:57
6180.0,100,-40.0,0.0,SD,9900.0,11400.0,False,0.0,09:36:29
6180.0,400,-40.0,0.0,SD,9900.0,11300.0,False,-10.0,09:36:29
6190.0,500,-30.0,0.0,BU,9900.0,10900.0,False,-10.0,09:36:29
6200.0,1500,-20.0,0.0,BU,9400.0,10900.0,False,0.0,09:36:29
6200.0,500,-20.0,0.0,BU,7900.0,10900.0,False,-10.0,09:36:29
6210.0,1100,-10.0,0.0,BU,7400.0,10900.0,False,0.0,09:36:29
6210.0,1000,-10.0,0.0,BU,6300.0,10900.0,False,-10.0,09:36:29
6220.0,500,0.0,0.0,SD,5300.0,10900.0,False,0.0,09:36:06
6220.0,600,0.0,0.0,SD,5300.0,10400.0,False,0.0,09:36:06
6220.0,200,0.0,0.0,SD,5300.0,9800.0,False,0.0,09:35:31
6220.0,200,0.0,0.0,SD,5300.0,9600.0,False,0.0,09:34:58
6220.0,700,0.0,0.0,SD,5300.0,9400.0,False,-20.0,09:34:58
6240.0,1500,20.0,0.0,SD,5300.0,8700.0,False,-20.0,09:34:18
6260.0,500,40.0,0.0,BU,5300.0,7200.0,False,40.0,09:25:00
6220.0,300,0.0,0.0,BU,4800.0,7200.0,False,0.0,09:24:33
6220.0,2100,0.0,0.0,SD,4500.0,7200.0,False,-10.0,09:24:22
6230.0,1500,10.0,0.0,SD,4500.0,5100.0,False,-10.0,09:24:22
6240.0,1000,20.0,0.0,SD,4500.0,3600.0,False,0.0,09:24:22
6240.0,100,20.0,0.0,SD,4500.0,2600.0,False,-10.0,09:24:22
6250.0,1800,30.0,0.0,BU,4500.0,2500.0,False,-10.0,09:22:33
6260.0,700,40.0,0.0,BU,2700.0,2500.0,False,0.0,09:21:21
6260.0,900,40.0,0.0,BU,2000.0,2500.0,False,10.0,09:20:30
6250.0,1200,30.0,0.0,SD,1100.0,2500.0,False,10.0,09:20:19
6240.0,300,20.0,0.0,SD,1100.0,1300.0,False,0.0,09:19:37
6240.0,100,20.0,0.0,SD,1100.0,1000.0,False,0.0,09:19:22
6240.0,900,20.0,0.0,SD,1100.0,900.0,False,-10.0,09:19:22
6250.0,1100,30.0,0.0,BU,1100.0,0.0,False,0.0,09:17:30
6250.0,2600,30.0,0.0,,0.0,0.0,False,0.0,09:15:02
